709.952	500.000	-500.000	6.587112e-02	8.874285e-03	-8.874285e-03
1709.952	500.000	-500.000	5.399164e-02	1.925255e-02	-1.572648e-02
6709.952	500.000	-500.000	8.057398e-02	1.595572e-02	-1.595572e-02
162709.952	500.000	-500.000	4.722595e-02	7.747787e-03	-7.747787e-03
163709.952	500.000	-500.000	3.422108e-02	2.534459e-02	-1.706928e-02
167709.952	500.000	-500.000	6.763309e-02	2.232520e-02	-1.839196e-02
168709.952	500.000	-500.000	9.316606e-02	1.274529e-02	-1.274529e-02
515709.952	500.000	-500.000	3.516248e-02	9.053088e-03	-9.053088e-03
526709.952	500.000	-500.000	6.866054e-02	1.112709e-02	-1.112709e-02
532709.952	500.000	-500.000	8.024549e-02	1.225866e-02	-1.225866e-02
533709.952	500.000	-500.000	3.893669e-02	2.105637e-02	-1.555227e-02
711709.952	500.000	-500.000	6.154819e-02	1.575697e-02	-1.575697e-02
712709.952	500.000	-500.000	4.601832e-02	1.145021e-02	-1.145021e-02
717709.952	500.000	-500.000	2.534478e-02	1.086785e-02	-8.565627e-03
718709.952	500.000	-500.000	2.086971e-02	1.558523e-02	-1.049647e-02
723709.952	500.000	-500.000	6.405354e-02	1.238141e-02	-1.238141e-02
1127709.952	500.000	-500.000	6.107205e-02	8.900169e-03	-8.900169e-03
1133709.952	500.000	-500.000	3.546845e-02	7.311810e-03	-7.311810e-03
1134709.952	500.000	-500.000	4.638820e-02	3.393489e-02	-2.285475e-02
1323709.952	500.000	-500.000	8.317816e-02	1.277011e-02	-1.277011e-02
1324709.952	500.000	-500.000	7.064347e-02	1.256692e-02	-1.256692e-02
1329709.952	500.000	-500.000	5.582537e-02	9.024150e-03	-9.024150e-03
1330709.952	500.000	-500.000	2.399936e-02	1.062548e-02	-8.234662e-03
1479709.952	500.000	-500.000	5.804914e-02	8.718982e-02	-4.249197e-02
1480709.952	500.000	-500.000	5.513108e-02	8.280688e-02	-4.035595e-02
1658709.952	500.000	-500.000	6.372684e-02	2.057490e-02	-1.707763e-02
1659709.952	500.000	-500.000	8.295913e-02	1.148978e-02	-1.148978e-02
1664709.952	500.000	-500.000	6.603301e-02	1.040689e-02	-1.040689e-02
1665709.952	500.000	-500.000	6.818689e-02	1.268138e-02	-1.268138e-02
1919709.952	500.000	-500.000	4.932172e-02	8.044541e-03	-8.044541e-03
1920709.952	500.000	-500.000	1.067966e-01	4.372109e-02	-3.445930e-02
1924709.952	500.000	-500.000	6.624135e-02	2.475743e-02	-2.001442e-02
1925709.952	500.000	-500.000	5.403326e-02	9.050741e-03	-9.050741e-03
2329709.952	500.000	-500.000	7.546225e-02	4.633309e-02	-3.296296e-02
2330709.952	500.000	-500.000	4.826703e-02	8.139135e-03	-8.139135e-03
2335709.952	500.000	-500.000	9.389758e-02	1.633943e-02	-1.633943e-02
2336709.952	500.000	-500.000	8.560878e-02	1.579286e-02	-1.579286e-02
2521709.952	500.000	-500.000	3.689181e-02	1.512230e-02	-1.191882e-02
2526709.952	500.000	-500.000	5.564818e-02	1.249008e-02	-1.249008e-02
2527709.952	500.000	-500.000	4.715014e-02	1.066277e-02	-1.066277e-02
2532709.952	500.000	-500.000	7.680735e-02	1.153857e-02	-1.153857e-02
2533709.952	500.000	-500.000	9.067405e-02	1.812526e-02	-1.812526e-02
2943709.952	500.000	-500.000	5.918154e-02	1.056668e-02	-1.056668e-02
2948709.952	500.000	-500.000	3.280849e-02	1.624687e-02	-1.233251e-02
2949709.952	500.000	-500.000	7.424912e-02	1.547428e-02	-1.547428e-02
3185709.952	500.000	-500.000	9.964667e-02	2.983668e-02	-2.493162e-02
3191709.952	500.000	-500.000	8.013917e-02	1.935530e-02	-1.935530e-02
3197709.952	500.000	-500.000	5.330556e-02	1.037862e-02	-1.037862e-02
3198709.952	500.000	-500.000	7.627633e-02	1.093099e-02	-1.093099e-02
3203709.952	500.000	-500.000	8.423554e-02	2.492387e-02	-2.083760e-02
3769709.952	500.000	-500.000	8.239547e-02	2.505622e-02	-2.093705e-02
3770709.952	500.000	-500.000	4.939732e-02	7.689181e-03	-7.689181e-03
3771709.952	500.000	-500.000	9.222230e-02	8.795933e-02	-5.380818e-02
3775709.952	500.000	-500.000	7.910391e-02	1.485161e-02	-1.485161e-02
3776709.952	500.000	-500.000	5.042708e-02	1.568623e-02	-1.301993e-02
4134709.952	500.000	-500.000	4.092222e-02	9.438328e-03	-9.438328e-03
4139709.952	500.000	-500.000	1.036110e-01	2.644295e-02	-2.644295e-02
4140709.952	500.000	-500.000	4.011075e-02	1.254262e-02	-1.048065e-02
4354709.952	500.000	-500.000	6.034875e-02	9.184773e-03	-9.184773e-03
4355709.952	500.000	-500.000	3.973240e-02	1.387946e-02	-1.133063e-02
4383709.952	500.000	-500.000	7.187247e-02	5.408674e-02	-3.642679e-02
4384709.952	500.000	-500.000	5.492989e-02	1.931100e-02	-1.577423e-02
4389709.952	500.000	-500.000	5.172846e-02	2.519013e-02	-1.910547e-02
4390709.952	500.000	-500.000	4.604953e-02	2.963583e-02	-2.108395e-02
4718709.952	500.000	-500.000	7.377894e-02	1.326639e-02	-1.326639e-02
4723709.952	500.000	-500.000	3.758255e-02	1.731722e-02	-1.342071e-02
4724709.952	500.000	-500.000	9.373883e-02	1.445176e-02	-1.445176e-02
4729709.952	500.000	-500.000	6.259565e-02	1.331435e-02	-1.331435e-02
4730709.952	500.000	-500.000	4.458704e-02	1.477764e-02	-1.216710e-02
4972709.952	500.000	-500.000	7.504737e-02	1.309696e-02	-1.309696e-02
4978709.952	500.000	-500.000	6.383911e-02	1.503442e-02	-1.503442e-02
4984709.952	500.000	-500.000	6.201590e-02	1.618088e-02	-1.618088e-02
4989709.952	500.000	-500.000	8.847374e-02	2.117849e-02	-2.117849e-02
4990709.952	500.000	-500.000	8.069038e-02	1.895244e-02	-1.895244e-02
5331709.952	500.000	-500.000	5.372313e-02	1.203316e-02	-1.203316e-02
5621709.952	500.000	-500.000	7.021426e-02	1.301986e-02	-1.301986e-02
5622709.952	500.000	-500.000	7.791603e-02	1.560540e-02	-1.560540e-02
5910709.952	500.000	-500.000	6.019378e-02	1.208172e-02	-1.208172e-02
5911709.952	500.000	-500.000	7.126713e-02	1.332414e-02	-1.332414e-02
5916709.952	500.000	-500.000	8.696935e-02	1.209425e-02	-1.209425e-02
5917709.952	500.000	-500.000	7.585103e-02	1.790935e-02	-1.790935e-02
6175709.952	500.000	-500.000	6.989058e-02	1.036522e-02	-1.036522e-02
6176709.952	500.000	-500.000	6.677468e-02	4.182112e-02	-2.975299e-02
6180709.952	500.000	-500.000	1.584823e-01	2.380404e-01	-1.160090e-01
6181709.952	500.000	-500.000	9.667021e-02	1.140242e-02	-1.140242e-02
6186709.952	500.000	-500.000	9.588828e-02	2.438332e-02	-2.438332e-02
6187709.952	500.000	-500.000	7.343809e-02	1.579455e-02	-1.579455e-02
6192709.952	500.000	-500.000	8.351063e-02	1.665149e-02	-1.665149e-02
6193709.952	500.000	-500.000	6.698077e-02	2.436916e-02	-1.968808e-02
6198709.952	500.000	-500.000	5.273928e-02	1.134163e-02	-1.134163e-02
6204709.952	500.000	-500.000	5.694590e-02	9.918181e-03	-9.918181e-03
6210709.952	500.000	-500.000	9.443166e-02	1.648728e-02	-1.648728e-02
6539709.952	500.000	-500.000	6.328401e-02	1.708060e-02	-1.708060e-02
6540709.952	500.000	-500.000	7.786764e-02	1.060060e-02	-1.060060e-02
6545709.952	500.000	-500.000	9.649876e-02	1.682871e-02	-1.682871e-02
6546709.952	500.000	-500.000	8.308734e-02	1.252908e-02	-1.252908e-02
6551709.952	500.000	-500.000	7.901910e-02	1.395162e-02	-1.395162e-02
6552709.952	500.000	-500.000	8.518653e-02	1.641630e-02	-1.641630e-02
6771709.952	500.000	-500.000	1.066953e-01	1.329296e-02	-1.329296e-02
6772709.952	500.000	-500.000	9.196310e-02	2.281337e-02	-2.281337e-02
6777709.952	500.000	-500.000	8.537957e-02	1.053917e-02	-1.053917e-02
6778709.952	500.000	-500.000	8.098114e-02	1.592197e-02	-1.592197e-02
7153709.952	500.000	-500.000	7.685476e-02	1.785866e-02	-1.785866e-02
7159709.952	500.000	-500.000	6.692733e-02	1.654701e-02	-1.654701e-02
7165709.952	500.000	-500.000	7.787439e-02	1.770050e-02	-1.770050e-02
7170709.952	500.000	-500.000	6.834253e-02	1.837357e-02	-1.837357e-02
7171709.952	500.000	-500.000	7.456423e-02	5.343770e-02	-3.598967e-02
7176709.952	500.000	-500.000	9.317925e-02	1.773178e-02	-1.773178e-02
7182709.952	500.000	-500.000	1.047056e-01	1.917194e-02	-1.917194e-02
7292709.952	500.000	-500.000	8.627841e-02	1.380253e-02	-1.380253e-02
7297709.952	500.000	-500.000	1.080668e-01	2.367159e-02	-2.367159e-02
7298709.952	500.000	-500.000	1.142550e-01	2.063027e-02	-2.063027e-02
7303709.952	500.000	-500.000	9.736739e-02	1.669133e-02	-1.669133e-02
7304709.952	500.000	-500.000	8.006327e-02	3.059991e-02	-2.445095e-02
7309709.952	500.000	-500.000	7.818563e-02	1.342477e-02	-1.342477e-02
7720709.952	500.000	-500.000	9.981206e-02	1.515088e-02	-1.515088e-02
7721709.952	500.000	-500.000	6.500925e-02	1.337606e-02	-1.337606e-02
7725709.952	500.000	-500.000	1.265583e-01	2.254935e-02	-2.254935e-02
7726709.952	500.000	-500.000	8.632372e-02	1.509343e-02	-1.509343e-02
7968709.952	500.000	-500.000	1.091473e-01	1.658388e-02	-1.658388e-02
7969709.952	500.000	-500.000	4.171895e-02	2.508352e-02	-1.784528e-02
7974709.952	500.000	-500.000	8.684847e-02	1.353532e-02	-1.353532e-02
7980709.952	500.000	-500.000	1.051718e-01	1.413198e-02	-1.413198e-02
7985709.952	500.000	-500.000	4.131726e-02	2.697286e-02	-1.918942e-02
7986709.952	500.000	-500.000	1.000698e-01	1.614968e-02	-1.614968e-02
8315709.952	500.000	-500.000	5.500116e-02	1.072808e-02	-1.072808e-02
8316709.952	500.000	-500.000	5.470580e-02	1.131072e-02	-1.131072e-02
8321709.952	500.000	-500.000	2.473446e-02	6.743666e-03	-6.743666e-03
8322709.952	500.000	-500.000	5.528996e-02	1.912787e-02	-1.562463e-02
8611709.952	500.000	-500.000	1.170606e-01	1.792144e-02	-1.792144e-02
8612709.952	500.000	-500.000	9.321093e-02	1.213379e-02	-1.213379e-02
8617709.952	500.000	-500.000	9.855666e-02	1.307313e-02	-1.307313e-02
8618709.952	500.000	-500.000	1.098976e-01	1.632166e-02	-1.632166e-02
8917709.952	500.000	-500.000	1.079380e-01	1.222235e-02	-1.222235e-02
8918709.952	500.000	-500.000	1.330461e-01	5.393079e-02	-4.250620e-02
8923709.952	500.000	-500.000	1.087754e-01	1.642841e-02	-1.642841e-02
8924709.952	500.000	-500.000	1.327642e-01	2.501013e-02	-2.501013e-02
9217709.952	500.000	-500.000	1.146720e-01	4.206740e-02	-3.400815e-02
9218709.952	500.000	-500.000	7.236895e-02	1.354873e-02	-1.354873e-02
9223709.952	500.000	-500.000	9.825421e-02	4.774798e-02	-3.624406e-02
9224709.952	500.000	-500.000	6.878222e-02	9.372249e-03	-9.372249e-03
9593709.952	500.000	-500.000	8.923313e-02	1.974131e-02	-1.974131e-02
9599709.952	500.000	-500.000	8.230681e-02	1.648774e-02	-1.648774e-02
9604709.952	500.000	-500.000	6.168666e-02	2.267204e-02	-1.832854e-02
9605709.952	500.000	-500.000	9.207420e-02	1.038110e-02	-1.038110e-02
9606709.952	500.000	-500.000	5.633246e-02	3.479188e-02	-2.475214e-02
9819709.952	500.000	-500.000	7.371410e-02	1.153850e-02	-1.153850e-02
9820709.952	500.000	-500.000	6.933622e-02	2.059249e-02	-1.721634e-02
9825709.952	500.000	-500.000	8.340061e-02	1.240463e-02	-1.240463e-02
9831709.952	500.000	-500.000	6.888000e-02	1.388485e-02	-1.388485e-02
9837709.952	500.000	-500.000	9.176978e-02	2.050295e-02	-2.050295e-02
10166709.952	500.000	-500.000	1.141868e-01	1.809724e-02	-1.809724e-02
10167709.952	500.000	-500.000	9.227866e-02	1.064155e-02	-1.064155e-02
10168709.952	500.000	-500.000	5.132746e-02	4.895485e-02	-2.994761e-02
10172709.952	500.000	-500.000	6.844559e-02	1.185218e-02	-1.185218e-02
10536709.952	500.000	-500.000	9.396051e-02	2.001729e-02	-2.001729e-02
10537709.952	500.000	-500.000	1.062214e-01	1.955731e-02	-1.955731e-02
10541709.952	500.000	-500.000	9.031734e-02	1.666434e-02	-1.666434e-02
10542709.952	500.000	-500.000	7.020125e-02	9.073943e-03	-9.073943e-03
10543709.952	500.000	-500.000	1.190389e-01	4.015087e-02	-3.277756e-02
10547709.952	500.000	-500.000	6.988754e-02	1.180810e-02	-1.180810e-02
10548709.952	500.000	-500.000	8.734566e-02	1.054327e-02	-1.054327e-02
10553709.952	500.000	-500.000	9.346241e-02	1.159459e-02	-1.159459e-02
10554709.952	500.000	-500.000	6.318923e-02	1.066407e-02	-1.066407e-02
10796709.952	500.000	-500.000	7.312448e-02	1.521431e-02	-1.521431e-02
10797709.952	500.000	-500.000	6.996330e-02	1.763853e-02	-1.763853e-02
10802709.952	500.000	-500.000	7.767164e-02	1.228429e-02	-1.228429e-02
10803709.952	500.000	-500.000	1.507219e-01	1.399453e-01	-8.561004e-02
10808709.952	500.000	-500.000	6.972349e-02	1.128194e-02	-1.128194e-02
10813709.952	500.000	-500.000	6.835387e-02	6.512565e-02	-3.989648e-02
10814709.952	500.000	-500.000	5.809394e-02	1.304425e-02	-1.304425e-02
11010709.952	500.000	-500.000	7.294356e-02	1.491111e-02	-1.491111e-02
11011709.952	500.000	-500.000	5.895640e-02	1.052148e-02	-1.052148e-02
11016709.952	500.000	-500.000	8.823465e-02	1.105372e-02	-1.105372e-02
11017709.952	500.000	-500.000	6.566692e-02	1.318738e-02	-1.318738e-02
11404709.952	500.000	-500.000	7.289423e-02	1.026837e-02	-1.026837e-02
11409709.952	500.000	-500.000	7.663603e-02	2.982300e-02	-2.383016e-02
11410709.952	500.000	-500.000	6.746161e-02	1.122365e-02	-1.122365e-02
11415709.952	500.000	-500.000	9.651903e-02	1.751508e-02	-1.751508e-02
11416709.952	500.000	-500.000	8.823623e-02	1.623635e-02	-1.623635e-02
11629709.952	500.000	-500.000	7.776263e-02	4.207748e-02	-3.105072e-02
11630709.952	500.000	-500.000	7.649886e-02	9.629012e-03	-9.629012e-03
11635709.952	500.000	-500.000	7.139595e-02	2.923392e-02	-2.302478e-02
11636709.952	500.000	-500.000	8.598917e-02	1.102722e-02	-1.102722e-02
11947709.952	500.000	-500.000	7.933276e-02	1.906329e-02	-1.906329e-02
11948709.952	500.000	-500.000	1.088451e-01	1.879405e-02	-1.879405e-02
11953709.952	500.000	-500.000	5.556135e-02	1.748689e-02	-1.452256e-02
11965709.952	500.000	-500.000	9.872818e-02	5.309615e-02	-3.921691e-02
11971709.952	500.000	-500.000	8.021593e-02	1.006614e-02	-1.006614e-02
11972709.952	500.000	-500.000	1.080319e-01	2.086529e-02	-2.086529e-02
12202709.952	500.000	-500.000	3.112632e-02	1.142461e-02	-9.235885e-03
12208709.952	500.000	-500.000	1.152226e-02	7.736190e-03	-5.503793e-03
12213709.952	500.000	-500.000	5.694701e-02	3.449813e-02	-2.454316e-02
12214709.952	500.000	-500.000	2.813288e-02	1.250121e-02	-9.688335e-03
12219709.952	500.000	-500.000	5.008212e-02	1.509918e-02	-1.261692e-02
12220709.952	500.000	-500.000	2.644363e-02	3.971833e-02	-1.935673e-02
12225709.952	500.000	-500.000	2.216400e-02	1.015097e-02	-7.866915e-03
12543709.952	500.000	-500.000	1.000813e-01	1.444447e-02	-1.444447e-02
12544709.952	500.000	-500.000	1.069746e-01	1.269367e-02	-1.269367e-02
12549709.952	500.000	-500.000	8.174712e-02	1.137368e-02	-1.137368e-02
12550709.952	500.000	-500.000	1.120554e-01	1.360232e-02	-1.360232e-02
12555709.952	500.000	-500.000	1.041746e-01	1.588350e-02	-1.588350e-02
12925709.952	500.000	-500.000	2.413776e-02	1.188887e-02	-9.017124e-03
13156709.952	500.000	-500.000	9.103106e-02	1.218587e-02	-1.218587e-02
13157709.952	500.000	-500.000	7.446368e-02	1.757121e-02	-1.757121e-02
13162709.952	500.000	-500.000	7.738787e-02	9.735805e-03	-9.735805e-03
13163709.952	500.000	-500.000	5.793522e-02	4.381313e-02	-2.950763e-02
13410709.952	500.000	-500.000	1.894362e-02	6.687687e-03	-5.459558e-03
13416709.952	500.000	-500.000	1.893623e-02	5.838766e-03	-4.878891e-03
13827709.952	500.000	-500.000	4.747954e-02	1.259330e-02	-1.259330e-02
13832709.952	500.000	-500.000	1.654422e-02	8.467465e-03	-6.427400e-03
13833709.952	500.000	-500.000	3.257692e-02	2.035528e-02	-1.448145e-02
14059709.952	500.000	-500.000	1.077287e-02	4.886522e-03	-3.848650e-03
14065709.952	500.000	-500.000	2.551727e-02	1.094182e-02	-8.623925e-03
14377709.952	500.000	-500.000	8.577688e-02	1.241428e-02	-1.241428e-02
14378709.952	500.000	-500.000	1.459472e-01	2.357374e-02	-2.357374e-02
14383709.952	500.000	-500.000	8.406116e-02	1.115989e-02	-1.115989e-02
14388709.952	500.000	-500.000	7.706202e-02	2.771288e-02	-2.240366e-02
14389709.952	500.000	-500.000	1.111651e-01	2.856744e-02	-2.856744e-02
14631709.952	500.000	-500.000	1.230135e-01	1.402696e-02	-1.402696e-02
14637709.952	500.000	-500.000	1.058880e-01	1.487568e-02	-1.487568e-02
14638709.952	500.000	-500.000	1.056079e-01	1.548241e-02	-1.548241e-02
14643709.952	500.000	-500.000	1.181773e-01	1.375340e-02	-1.375340e-02
21675709.952	500.000	-500.000	5.728345e-02	1.473939e-02	-1.473939e-02
21676709.952	500.000	-500.000	1.017394e-01	4.221608e-02	-3.327311e-02
21681709.952	500.000	-500.000	6.833714e-02	1.198271e-02	-1.198271e-02
21682709.952	500.000	-500.000	5.455412e-02	1.651403e-02	-1.379917e-02
21687709.952	500.000	-500.000	6.615345e-02	9.944062e-03	-9.944062e-03
21688709.952	500.000	-500.000	5.729075e-02	1.304412e-02	-1.304412e-02
21929709.952	500.000	-500.000	7.226817e-02	2.485691e-02	-2.029218e-02
21930709.952	500.000	-500.000	7.820255e-02	2.387651e-02	-1.995129e-02
21935709.952	500.000	-500.000	7.125799e-02	1.894705e-02	-1.894705e-02
21936709.952	500.000	-500.000	8.537145e-02	1.431931e-02	-1.431931e-02
21941709.952	500.000	-500.000	7.081835e-02	1.282516e-02	-1.282516e-02
21942709.952	500.000	-500.000	7.839808e-02	1.134185e-02	-1.134185e-02
22299709.952	500.000	-500.000	6.448419e-02	9.950347e-03	-9.950347e-03
22300709.952	500.000	-500.000	8.178455e-02	1.926358e-02	-1.926358e-02
22304709.952	500.000	-500.000	9.869367e-02	4.074905e-02	-3.209416e-02
22305709.952	500.000	-500.000	7.804492e-02	9.823597e-03	-9.823597e-03
22306709.952	500.000	-500.000	4.079750e-02	6.127784e-02	-2.986377e-02
22543709.952	500.000	-500.000	8.147853e-02	1.092252e-02	-1.092252e-02
22544709.952	500.000	-500.000	6.150412e-02	1.501787e-02	-1.501787e-02
22549709.952	500.000	-500.000	3.693078e-02	1.359415e-02	-1.098285e-02
22554709.952	500.000	-500.000	8.234536e-02	1.977339e-02	-1.977339e-02
22555709.952	500.000	-500.000	4.756177e-02	2.130722e-02	-1.650045e-02
22560709.952	500.000	-500.000	1.016107e-01	1.584081e-02	-1.584081e-02
22566709.952	500.000	-500.000	3.942469e-02	1.982403e-02	-1.503555e-02
22826709.952	500.000	-500.000	4.779418e-02	1.274551e-02	-1.274551e-02
22827709.952	500.000	-500.000	5.904474e-02	1.109350e-02	-1.109350e-02
22832709.952	500.000	-500.000	7.882975e-02	1.308548e-02	-1.308548e-02
22833709.952	500.000	-500.000	8.874774e-02	1.784984e-02	-1.784984e-02
22838709.952	500.000	-500.000	7.604275e-02	1.086512e-02	-1.086512e-02
23091709.952	500.000	-500.000	5.288012e-02	2.033943e-02	-1.625228e-02
23092709.952	500.000	-500.000	7.016216e-02	9.543545e-03	-9.543545e-03
23098709.952	500.000	-500.000	7.840286e-02	1.676561e-02	-1.676561e-02
23099709.952	500.000	-500.000	2.089760e-01	1.271407e-01	-9.045231e-02
23433709.952	500.000	-500.000	4.561383e-02	2.494402e-02	-1.842370e-02
23434709.952	500.000	-500.000	7.576574e-02	1.237506e-02	-1.237506e-02
23439709.952	500.000	-500.000	5.601587e-02	1.352381e-02	-1.352381e-02
23440709.952	500.000	-500.000	5.497401e-02	1.367659e-02	-1.367659e-02
23445709.952	500.000	-500.000	6.513965e-02	1.181959e-02	-1.181959e-02
23446709.952	500.000	-500.000	5.140615e-02	3.129919e-02	-2.226732e-02
23711709.952	500.000	-500.000	7.372962e-02	1.246983e-02	-1.246983e-02
23712709.952	500.000	-500.000	6.064854e-02	2.299500e-02	-1.837422e-02
23717709.952	500.000	-500.000	6.133033e-02	8.702937e-03	-8.702937e-03
23723709.952	500.000	-500.000	5.030535e-02	9.201699e-03	-9.201699e-03
24104709.952	500.000	-500.000	2.766613e-02	1.769132e-02	-1.258622e-02
24105709.952	500.000	-500.000	7.850834e-02	2.341867e-02	-1.956871e-02
24110709.952	500.000	-500.000	7.480889e-02	1.263453e-02	-1.263453e-02
24111709.952	500.000	-500.000	7.538266e-02	2.900786e-02	-2.317882e-02
24116709.952	500.000	-500.000	5.463371e-02	9.439877e-03	-9.439877e-03
24312709.952	500.000	-500.000	9.007710e-02	3.066260e-02	-2.504680e-02
24313709.952	500.000	-500.000	3.958487e-02	9.105444e-03	-9.105444e-03
24318709.952	500.000	-500.000	5.107900e-02	1.332492e-02	-1.332492e-02
24319709.952	500.000	-500.000	5.929846e-02	1.453513e-02	-1.453513e-02
24324709.952	500.000	-500.000	6.020894e-02	1.094681e-02	-1.094681e-02
24325709.952	500.000	-500.000	8.551764e-02	3.491182e-02	-2.751617e-02
24330709.952	500.000	-500.000	5.634211e-02	1.824959e-02	-1.503439e-02
24700709.952	500.000	-500.000	9.147002e-02	1.750199e-02	-1.750199e-02
24705709.952	500.000	-500.000	8.373768e-02	1.676898e-02	-1.676898e-02
24706709.952	500.000	-500.000	8.011509e-02	2.918749e-02	-2.359577e-02
24716709.952	500.000	-500.000	9.832769e-02	3.402020e-02	-2.778946e-02
24717709.952	500.000	-500.000	1.079905e-01	1.398886e-02	-1.398886e-02
24722709.952	500.000	-500.000	7.584203e-02	2.399553e-02	-1.991683e-02
24723709.952	500.000	-500.000	5.509445e-02	1.142092e-02	-1.142092e-02
24943709.952	500.000	-500.000	7.935590e-02	1.793462e-02	-1.793462e-02
24949709.952	500.000	-500.000	7.157295e-02	1.225748e-02	-1.225748e-02
24960709.952	500.000	-500.000	6.896934e-02	2.476486e-02	-2.002042e-02
24961709.952	500.000	-500.000	5.490765e-02	1.640845e-02	-1.371095e-02
25283709.952	500.000	-500.000	9.468797e-02	2.382044e-02	-2.382044e-02
25284709.952	500.000	-500.000	8.465693e-02	2.211853e-02	-2.211853e-02
25319709.952	500.000	-500.000	7.585234e-02	1.229677e-02	-1.229677e-02
25320709.952	500.000	-500.000	3.949897e-02	2.968633e-02	-1.997030e-02
25325709.952	500.000	-500.000	7.074586e-02	1.028535e-02	-1.028535e-02
25533709.952	500.000	-500.000	8.108897e-02	1.210022e-02	-1.210022e-02
25534709.952	500.000	-500.000	8.784724e-02	1.628681e-02	-1.628681e-02
25538709.952	500.000	-500.000	7.703956e-02	1.843718e-02	-1.843718e-02
25539709.952	500.000	-500.000	8.633197e-02	3.885259e-02	-3.011044e-02
25544709.952	500.000	-500.000	6.013021e-02	9.535060e-03	-9.535060e-03
25867709.952	500.000	-500.000	6.847459e-02	1.686367e-02	-1.686367e-02
25868709.952	500.000	-500.000	7.591344e-02	1.719679e-02	-1.719679e-02
25873709.952	500.000	-500.000	5.123676e-02	1.165453e-02	-1.165453e-02
25874709.952	500.000	-500.000	5.905565e-02	3.202091e-02	-2.362956e-02
25879709.952	500.000	-500.000	8.336729e-02	1.226659e-02	-1.226659e-02
25884709.952	500.000	-500.000	4.658802e-02	1.937246e-02	-1.525785e-02
25885709.952	500.000	-500.000	6.014381e-02	1.016057e-02	-1.016057e-02
26458709.952	500.000	-500.000	8.317430e-02	1.509476e-02	-1.509476e-02
26459709.952	500.000	-500.000	1.034559e-01	1.493387e-02	-1.493387e-02
26463709.952	500.000	-500.000	7.837083e-02	1.097010e-02	-1.097010e-02
26464709.952	500.000	-500.000	7.234786e-02	1.741599e-02	-1.741599e-02
26776709.952	500.000	-500.000	9.456706e-02	1.482143e-02	-1.482143e-02
26777709.952	500.000	-500.000	9.374160e-02	1.332461e-02	-1.332461e-02
26782709.952	500.000	-500.000	1.062816e-01	1.290856e-02	-1.290856e-02
26783709.952	500.000	-500.000	6.846582e-02	1.503185e-02	-1.503185e-02
27065709.952	500.000	-500.000	5.700991e-02	1.211383e-02	-1.211383e-02
27066709.952	500.000	-500.000	7.018427e-02	2.085490e-02	-1.743573e-02
27071709.952	500.000	-500.000	6.597246e-02	1.384241e-02	-1.384241e-02
27072709.952	500.000	-500.000	9.540569e-02	3.094435e-02	-2.549259e-02
27077709.952	500.000	-500.000	8.107747e-02	2.455138e-02	-2.052617e-02
27389709.952	500.000	-500.000	1.056371e-01	1.205483e-02	-1.205483e-02
27390709.952	500.000	-500.000	1.128790e-01	2.195129e-02	-2.195129e-02
27395709.952	500.000	-500.000	1.135040e-01	1.359845e-02	-1.359845e-02
27396709.952	500.000	-500.000	1.201505e-01	2.697924e-02	-2.697924e-02
27666709.952	500.000	-500.000	9.404811e-02	1.663773e-02	-1.663773e-02
27667709.952	500.000	-500.000	1.085747e-01	1.327286e-02	-1.327286e-02
27672709.952	500.000	-500.000	8.732933e-02	1.768232e-02	-1.768232e-02
27673709.952	500.000	-500.000	8.772208e-02	1.324667e-02	-1.324667e-02
27996709.952	500.000	-500.000	9.911077e-02	1.774878e-02	-1.774878e-02
27997709.952	500.000	-500.000	9.343157e-02	2.059353e-02	-2.059353e-02
28002709.952	500.000	-500.000	6.935179e-02	1.411698e-02	-1.411698e-02
28003709.952	500.000	-500.000	4.888770e-02	2.168891e-02	-1.680872e-02
28273709.952	500.000	-500.000	8.971980e-02	1.951198e-02	-1.951198e-02
28274709.952	500.000	-500.000	7.909302e-02	1.720090e-02	-1.720090e-02
28279709.952	500.000	-500.000	6.061594e-02	1.331788e-02	-1.331788e-02
28280709.952	500.000	-500.000	5.463963e-02	1.426289e-02	-1.426289e-02
28285709.952	500.000	-500.000	1.114742e-01	2.148084e-02	-2.148084e-02
28286709.952	500.000	-500.000	8.592429e-02	1.662275e-02	-1.662275e-02
28527709.952	500.000	-500.000	8.084895e-02	2.096965e-02	-2.096965e-02
28528709.952	500.000	-500.000	1.245322e-01	1.282178e-02	-1.282178e-02
28533709.952	500.000	-500.000	8.305993e-02	3.118439e-02	-2.491798e-02
28534709.952	500.000	-500.000	1.272601e-01	1.335324e-02	-1.335324e-02
29215709.952	500.000	-500.000	8.167198e-02	1.548227e-02	-1.548227e-02
29216709.952	500.000	-500.000	8.366922e-02	1.284945e-02	-1.284945e-02
29222709.952	500.000	-500.000	7.328374e-02	1.029882e-02	-1.029882e-02
29223709.952	500.000	-500.000	5.075749e-02	3.178125e-02	-2.261027e-02
29227709.952	500.000	-500.000	5.215166e-02	4.974095e-02	-3.042850e-02
29228709.952	500.000	-500.000	9.269107e-02	1.094032e-02	-1.094032e-02
29233709.952	500.000	-500.000	7.022267e-02	1.690756e-02	-1.690756e-02
29234709.952	500.000	-500.000	7.980395e-02	1.179809e-02	-1.179809e-02
29482709.952	500.000	-500.000	8.838811e-02	1.137614e-02	-1.137614e-02
29483709.952	500.000	-500.000	8.462628e-02	1.580101e-02	-1.580101e-02
29487709.952	500.000	-500.000	7.035609e-02	2.740125e-02	-2.189505e-02
29488709.952	500.000	-500.000	1.023571e-01	1.117780e-02	-1.117780e-02
29489709.952	500.000	-500.000	1.152711e-01	3.616544e-02	-3.001814e-02
29737709.952	500.000	-500.000	8.697451e-02	1.534321e-02	-1.534321e-02
29738709.952	500.000	-500.000	5.290483e-02	3.848437e-02	-2.588883e-02
29742709.952	500.000	-500.000	8.752815e-02	1.302362e-02	-1.302362e-02
29743709.952	500.000	-500.000	8.674254e-02	2.162813e-02	-2.162813e-02
29748709.952	500.000	-500.000	7.832879e-02	1.074592e-02	-1.074592e-02
29753709.952	500.000	-500.000	5.681836e-02	1.977688e-02	-1.614505e-02
29754709.952	500.000	-500.000	7.399673e-02	1.120361e-02	-1.120361e-02
30152709.952	500.000	-500.000	5.766686e-02	2.341394e-02	-1.845398e-02
30153709.952	500.000	-500.000	7.640987e-02	1.099999e-02	-1.099999e-02
30158709.952	500.000	-500.000	6.055808e-02	1.269003e-02	-1.269003e-02
30159709.952	500.000	-500.000	8.554190e-02	1.140465e-02	-1.140465e-02
30391709.952	500.000	-500.000	8.493132e-02	1.388860e-02	-1.388860e-02
30396709.952	500.000	-500.000	4.191410e-02	3.098186e-02	-2.084182e-02
30397709.952	500.000	-500.000	8.761504e-02	1.274267e-02	-1.274267e-02
30402709.952	500.000	-500.000	8.410273e-02	1.788908e-02	-1.788908e-02
30403709.952	500.000	-500.000	7.230318e-02	1.594997e-02	-1.594997e-02
30720709.952	500.000	-500.000	3.126727e-02	1.079786e-02	-8.820250e-03
30725709.952	500.000	-500.000	7.524894e-02	2.463778e-02	-2.029712e-02
30726709.952	500.000	-500.000	6.916733e-02	1.118144e-02	-1.118144e-02
30731709.952	500.000	-500.000	7.578068e-02	1.566430e-02	-1.566430e-02
30732709.952	500.000	-500.000	7.863846e-02	1.099273e-02	-1.099273e-02
30952709.952	500.000	-500.000	6.418124e-02	9.373698e-03	-9.373698e-03
30958709.952	500.000	-500.000	8.680680e-02	1.533074e-02	-1.533074e-02
30974709.952	500.000	-500.000	7.606177e-02	1.477329e-02	-1.477329e-02
31309709.952	500.000	-500.000	6.338985e-02	1.882781e-02	-1.574098e-02
31314709.952	500.000	-500.000	7.693702e-02	7.143602e-02	-4.370023e-02
31315709.952	500.000	-500.000	7.346239e-02	1.274847e-02	-1.274847e-02
31320709.952	500.000	-500.000	5.014781e-02	1.639546e-02	-1.350692e-02
31321709.952	500.000	-500.000	6.920636e-02	1.046248e-02	-1.046248e-02
31622709.952	500.000	-500.000	7.851716e-02	1.960499e-02	-1.960499e-02
31623709.952	500.000	-500.000	6.995236e-02	1.156192e-02	-1.156192e-02
31627709.952	500.000	-500.000	9.336132e-02	2.398528e-02	-2.398528e-02
31628709.952	500.000	-500.000	9.243291e-02	1.141685e-02	-1.141685e-02
31962709.952	500.000	-500.000	8.601404e-02	1.219712e-02	-1.219712e-02
31963709.952	500.000	-500.000	1.036893e-01	2.079394e-02	-2.079394e-02
31968709.952	500.000	-500.000	9.251091e-02	2.272771e-02	-2.272771e-02
31969709.952	500.000	-500.000	6.894235e-02	1.412603e-02	-1.412603e-02
31974709.952	500.000	-500.000	6.413142e-02	3.486757e-02	-2.575325e-02
31975709.952	500.000	-500.000	8.832254e-02	1.945526e-02	-1.945526e-02
32524709.952	500.000	-500.000	6.936443e-02	1.180960e-02	-1.180960e-02
32525709.952	500.000	-500.000	4.969857e-02	1.709083e-02	-1.395226e-02
32530709.952	500.000	-500.000	7.385328e-02	1.119076e-02	-1.119076e-02
32531709.952	500.000	-500.000	6.744322e-02	4.164337e-02	-2.962653e-02
32536709.952	500.000	-500.000	6.376234e-02	9.504140e-03	-9.504140e-03
32542709.952	500.000	-500.000	6.646858e-02	1.553174e-02	-1.553174e-02
32768709.952	500.000	-500.000	5.529144e-02	1.728047e-02	-1.434319e-02
32773709.952	500.000	-500.000	5.323620e-02	1.410518e-02	-1.410518e-02
32774709.952	500.000	-500.000	7.311562e-02	2.953330e-02	-2.327702e-02
32778709.952	500.000	-500.000	4.452495e-02	1.832004e-02	-1.442896e-02
33137709.952	500.000	-500.000	7.574019e-02	1.116480e-02	-1.116480e-02
33138709.952	500.000	-500.000	6.470041e-02	1.414160e-02	-1.414160e-02
33143709.952	500.000	-500.000	7.623533e-02	1.568685e-02	-1.568685e-02
33144709.952	500.000	-500.000	1.250414e-01	3.190554e-02	-3.190554e-02
33149709.952	500.000	-500.000	5.903807e-02	1.332592e-02	-1.332592e-02
33432709.952	500.000	-500.000	1.293850e-01	5.963596e-02	-4.621738e-02
33438709.952	500.000	-500.000	4.574914e-02	8.045439e-03	-8.045439e-03
33714709.952	500.000	-500.000	8.852673e-02	2.282951e-02	-2.282951e-02
33715709.952	500.000	-500.000	7.143992e-02	1.058116e-02	-1.058116e-02
33720709.952	500.000	-500.000	1.004617e-01	1.369070e-02	-1.369070e-02
33721709.952	500.000	-500.000	7.787725e-02	1.526423e-02	-1.526423e-02
33976709.952	500.000	-500.000	5.806821e-02	1.168715e-02	-1.168715e-02
33982709.952	500.000	-500.000	1.159696e-01	1.652375e-02	-1.652375e-02
33987709.952	500.000	-500.000	4.686087e-02	2.287861e-02	-1.735230e-02
33988709.952	500.000	-500.000	2.361690e-02	7.333689e-03	-6.128053e-03
34328709.952	500.000	-500.000	9.426032e-02	1.399403e-02	-1.399403e-02
34329709.952	500.000	-500.000	9.631568e-02	1.365883e-02	-1.365883e-02
34334709.952	500.000	-500.000	7.373235e-02	1.056742e-02	-1.056742e-02
34335709.952	500.000	-500.000	1.336496e-01	2.280362e-02	-2.280362e-02
34634709.952	500.000	-500.000	7.810871e-02	1.301293e-02	-1.301293e-02
34640709.952	500.000	-500.000	8.071639e-02	1.383160e-02	-1.383160e-02
34646709.952	500.000	-500.000	7.308606e-02	2.201955e-02	-1.840944e-02
34994709.952	500.000	-500.000	4.326678e-02	1.375805e-02	-1.141950e-02
34995709.952	500.000	-500.000	3.308038e-02	1.479784e-02	-1.145954e-02
35006709.952	500.000	-500.000	7.506187e-03	5.782265e-03	-3.894288e-03
35241709.952	500.000	-500.000	8.025030e-02	1.751716e-02	-1.751716e-02
35242709.952	500.000	-500.000	7.952467e-02	9.776195e-03	-9.776195e-03
35243709.952	500.000	-500.000	6.768494e-02	4.173905e-02	-2.969460e-02
35247709.952	500.000	-500.000	6.130970e-02	2.125226e-02	-1.735995e-02
35248709.952	500.000	-500.000	1.313444e-01	7.046440e-02	-5.204514e-02
35536709.952	500.000	-500.000	8.168779e-02	3.952860e-02	-2.998049e-02
35537709.952	500.000	-500.000	1.321174e-01	4.255306e-02	-3.505609e-02
35542709.952	500.000	-500.000	4.245744e-02	1.309420e-02	-1.094156e-02
35543709.952	500.000	-500.000	3.909374e-02	1.951252e-02	-1.479928e-02
35548709.952	500.000	-500.000	8.454072e-02	1.024802e-02	-1.024802e-02
35855709.952	500.000	-500.000	6.705377e-02	1.147040e-02	-1.147040e-02
35861709.952	500.000	-500.000	1.078939e-01	1.891304e-02	-1.891304e-02
35862709.952	500.000	-500.000	9.231186e-02	1.836601e-02	-1.836601e-02
35867709.952	500.000	-500.000	5.451659e-02	1.840079e-02	-1.515895e-02
35868709.952	500.000	-500.000	8.021432e-02	1.740091e-02	-1.740091e-02
36154709.952	500.000	-500.000	1.498755e-01	1.074108e-01	-7.233993e-02
36155709.952	500.000	-500.000	1.094614e-01	1.439117e-02	-1.439117e-02
36156709.952	500.000	-500.000	8.144021e-02	2.589652e-02	-2.149469e-02
36160709.952	500.000	-500.000	9.667237e-02	2.080775e-02	-2.080775e-02
36161709.952	500.000	-500.000	1.068952e-01	1.887628e-02	-1.887628e-02
36162709.952	500.000	-500.000	1.038272e-01	1.931730e-02	-1.931730e-02
36456709.952	500.000	-500.000	9.414969e-02	1.617189e-02	-1.617189e-02
36457709.952	500.000	-500.000	7.001599e-02	1.127271e-02	-1.127271e-02
36462709.952	500.000	-500.000	1.116571e-01	1.928434e-02	-1.928434e-02
36463709.952	500.000	-500.000	9.211875e-02	1.237998e-02	-1.237998e-02
36791709.952	500.000	-500.000	1.039245e-01	1.567347e-02	-1.567347e-02
36792709.952	500.000	-500.000	1.066586e-01	2.067649e-02	-2.067649e-02
36803709.952	500.000	-500.000	6.932767e-02	1.329441e-02	-1.329441e-02
36804709.952	500.000	-500.000	6.567161e-02	3.531107e-02	-2.608082e-02
36810709.952	500.000	-500.000	1.513782e-01	1.084877e-01	-7.306523e-02
36995709.952	500.000	-500.000	8.779190e-02	1.305187e-02	-1.305187e-02
36999709.952	500.000	-500.000	8.351452e-02	1.147071e-02	-1.147071e-02
37001709.952	500.000	-500.000	8.761144e-02	1.600630e-02	-1.600630e-02
37387709.952	500.000	-500.000	1.142063e-01	6.072398e-02	-4.481074e-02
37388709.952	500.000	-500.000	6.985273e-02	2.116531e-02	-1.768580e-02
37393709.952	500.000	-500.000	5.985091e-02	9.644737e-03	-9.644737e-03
37646709.952	500.000	-500.000	6.716453e-02	2.246233e-02	-1.850493e-02
37647709.952	500.000	-500.000	8.196699e-02	1.298188e-02	-1.298188e-02
37652709.952	500.000	-500.000	5.075168e-02	1.962801e-02	-1.568382e-02
37653709.952	500.000	-500.000	7.740567e-02	1.259627e-02	-1.259627e-02
37658709.952	500.000	-500.000	1.054777e-01	4.671970e-02	-3.620738e-02
37659709.952	500.000	-500.000	4.837097e-02	1.138721e-02	-1.138721e-02
38011709.952	500.000	-500.000	9.753389e-02	2.920193e-02	-2.440123e-02
38012709.952	500.000	-500.000	4.745575e-02	1.983862e-02	-1.562499e-02
38017709.952	500.000	-500.000	7.615640e-02	1.107696e-02	-1.107696e-02
38022709.952	500.000	-500.000	7.906308e-02	1.593441e-02	-1.593441e-02
38023709.952	500.000	-500.000	9.311689e-02	1.203488e-02	-1.203488e-02
38219709.952	500.000	-500.000	3.482946e-02	2.193372e-02	-1.560440e-02
38220709.952	500.000	-500.000	5.246293e-02	1.195115e-02	-1.195115e-02
38225709.952	500.000	-500.000	8.713152e-02	1.326286e-02	-1.326286e-02
38230709.952	500.000	-500.000	1.615036e-01	8.881349e-02	-6.553916e-02
38231709.952	500.000	-500.000	8.636195e-02	1.332403e-02	-1.332403e-02
38607709.952	500.000	-500.000	7.713236e-02	1.754721e-02	-1.754721e-02
38608709.952	500.000	-500.000	1.042232e-01	1.295027e-02	-1.295027e-02
38612709.952	500.000	-500.000	9.201925e-02	3.872019e-02	-3.049622e-02
38613709.952	500.000	-500.000	8.581493e-02	1.130791e-02	-1.130791e-02
38879709.952	500.000	-500.000	7.847814e-02	1.194761e-02	-1.194761e-02
38880709.952	500.000	-500.000	6.687844e-02	8.848920e-03	-8.848920e-03
38884709.952	500.000	-500.000	8.549502e-02	2.091273e-02	-2.091273e-02
38885709.952	500.000	-500.000	9.428693e-02	1.774266e-02	-1.774266e-02
39208709.952	500.000	-500.000	6.138025e-02	1.445485e-02	-1.445485e-02
39209709.952	500.000	-500.000	5.258032e-02	3.906278e-02	-2.630833e-02
39214709.952	500.000	-500.000	1.019525e-01	1.591080e-02	-1.591080e-02
39220709.952	500.000	-500.000	7.759741e-02	1.378078e-02	-1.378078e-02
39226709.952	500.000	-500.000	6.083346e-02	1.513592e-02	-1.513592e-02
39231709.952	500.000	-500.000	7.420204e-02	2.246775e-02	-1.878415e-02
39232709.952	500.000	-500.000	1.123362e-01	2.671976e-02	-2.671976e-02
39237709.952	500.000	-500.000	1.170414e-01	1.899126e-02	-1.899126e-02
39475709.952	500.000	-500.000	7.760288e-02	1.783614e-02	-1.783614e-02
39476709.952	500.000	-500.000	6.662865e-02	1.170681e-02	-1.170681e-02
39481709.952	500.000	-500.000	7.390748e-02	1.345231e-02	-1.345231e-02
39482709.952	500.000	-500.000	9.433456e-02	1.658499e-02	-1.658499e-02
40035709.952	500.000	-500.000	8.826812e-02	1.812188e-02	-1.812188e-02
40041709.952	500.000	-500.000	7.684801e-02	1.562098e-02	-1.562098e-02
40046709.952	500.000	-500.000	8.461380e-02	5.276023e-02	-3.753545e-02
40047709.952	500.000	-500.000	1.251785e-01	2.145890e-02	-2.145890e-02
40052709.952	500.000	-500.000	7.911650e-02	1.990541e-02	-1.990541e-02
40053709.952	500.000	-500.000	7.014764e-02	2.709084e-02	-2.163260e-02
40058709.952	500.000	-500.000	6.609226e-02	1.993628e-02	-1.665882e-02
40405709.952	500.000	-500.000	5.548824e-02	1.180340e-02	-1.180340e-02
40406709.952	500.000	-500.000	6.868777e-02	2.327630e-02	-1.900183e-02
40411709.952	500.000	-500.000	9.682584e-02	3.074953e-02	-2.552281e-02
40416709.952	500.000	-500.000	7.426088e-02	3.645021e-02	-2.764568e-02
40417709.952	500.000	-500.000	6.303610e-02	9.897929e-03	-9.897929e-03
40636709.952	500.000	-500.000	6.454820e-02	1.627957e-02	-1.627957e-02
40637709.952	500.000	-500.000	7.713950e-02	1.118295e-02	-1.118295e-02
40642709.952	500.000	-500.000	6.512482e-02	1.234877e-02	-1.234877e-02
40643709.952	500.000	-500.000	8.274529e-02	1.650461e-02	-1.650461e-02
41012709.952	500.000	-500.000	9.091035e-02	1.829314e-02	-1.829314e-02
41013709.952	500.000	-500.000	5.633173e-02	1.445658e-02	-1.445658e-02
41018709.952	500.000	-500.000	1.025124e-01	5.454064e-02	-4.028382e-02
41019709.952	500.000	-500.000	6.442253e-02	1.103920e-02	-1.103920e-02
41025709.952	500.000	-500.000	8.763857e-02	1.371662e-02	-1.371662e-02
41301709.952	500.000	-500.000	9.925910e-02	1.688786e-02	-1.688786e-02
41307709.952	500.000	-500.000	5.615105e-02	9.496141e-03	-9.496141e-03
41308709.952	500.000	-500.000	5.261256e-02	2.858717e-02	-2.111454e-02
41313709.952	500.000	-500.000	5.811220e-02	9.255741e-03	-9.255741e-03
41314709.952	500.000	-500.000	2.017636e-01	1.062084e-01	-7.844568e-02
41620709.952	500.000	-500.000	6.099563e-02	9.177185e-03	-9.177185e-03
41638709.952	500.000	-500.000	5.452116e-02	9.423713e-03	-9.423713e-03
41639709.952	500.000	-500.000	3.742355e-02	1.827108e-02	-1.385772e-02
41868709.952	500.000	-500.000	5.921795e-02	1.080819e-02	-1.080819e-02
41869709.952	500.000	-500.000	5.366399e-02	1.845981e-02	-1.507893e-02
41874709.952	500.000	-500.000	5.776717e-02	9.890188e-03	-9.890188e-03
41875709.952	500.000	-500.000	6.743649e-02	2.608975e-02	-2.084710e-02
42192709.952	500.000	-500.000	7.431607e-02	9.929892e-03	-9.929892e-03
42193709.952	500.000	-500.000	2.479607e-02	1.666700e-02	-1.185748e-02
42197709.952	500.000	-500.000	7.130332e-02	4.287112e-02	-3.050000e-02
42198709.952	500.000	-500.000	7.823809e-02	1.292314e-02	-1.292314e-02
42233709.952	500.000	-500.000	6.124946e-02	1.342400e-02	-1.342400e-02
42469709.952	500.000	-500.000	8.631716e-02	1.586916e-02	-1.586916e-02
42470709.952	500.000	-500.000	6.416477e-02	1.022672e-02	-1.022672e-02
42475709.952	500.000	-500.000	7.919360e-02	1.416501e-02	-1.416501e-02
42476709.952	500.000	-500.000	6.977195e-02	1.124478e-02	-1.124478e-02
42857709.952	500.000	-500.000	7.858636e-02	1.099302e-02	-1.099302e-02
42858709.952	500.000	-500.000	1.079891e-01	1.675310e-02	-1.675310e-02
42863709.952	500.000	-500.000	7.400568e-02	3.600139e-02	-2.730528e-02
43088709.952	500.000	-500.000	6.956260e-02	2.316540e-02	-1.907313e-02
43089709.952	500.000	-500.000	1.149376e-01	1.843656e-02	-1.843656e-02
43094709.952	500.000	-500.000	5.516129e-02	1.215020e-02	-1.215020e-02
43095709.952	500.000	-500.000	6.574894e-02	2.169958e-02	-1.786625e-02
43100709.952	500.000	-500.000	5.824682e-02	1.111469e-02	-1.111469e-02
43395709.952	500.000	-500.000	8.011684e-02	1.294736e-02	-1.294736e-02
43396709.952	500.000	-500.000	9.636248e-02	1.663177e-02	-1.663177e-02
43401709.952	500.000	-500.000	6.872107e-02	1.346293e-02	-1.346293e-02
43719709.952	500.000	-500.000	6.693418e-02	1.013094e-02	-1.013094e-02
43720709.952	500.000	-500.000	8.198050e-02	2.680991e-02	-2.207382e-02
43724709.952	500.000	-500.000	2.097432e-01	1.947466e-01	-1.191341e-01
43725709.952	500.000	-500.000	7.998744e-02	9.706712e-03	-9.706712e-03
43726709.952	500.000	-500.000	1.289213e-01	6.786416e-02	-5.012459e-02
43737709.952	500.000	-500.000	4.787705e-02	1.643381e-02	-1.341590e-02
43743709.952	500.000	-500.000	7.327077e-02	2.385589e-02	-1.964164e-02
44060709.952	500.000	-500.000	6.762941e-02	3.201126e-02	-2.427896e-02
44066709.952	500.000	-500.000	9.337406e-02	2.097317e-02	-2.097317e-02
44072709.952	500.000	-500.000	7.199871e-02	1.289128e-02	-1.289128e-02
44078709.952	500.000	-500.000	8.855153e-02	1.126804e-02	-1.126804e-02
44667709.952	500.000	-500.000	4.321595e-02	1.694635e-02	-1.354103e-02
44673709.952	500.000	-500.000	8.730596e-02	1.519355e-02	-1.519355e-02
44678709.952	500.000	-500.000	7.018399e-02	6.680250e-02	-4.086572e-02
44679709.952	500.000	-500.000	9.078931e-02	2.237661e-02	-2.237661e-02
44864709.952	500.000	-500.000	1.010823e-01	1.391170e-02	-1.391170e-02
44865709.952	500.000	-500.000	7.085300e-02	1.109230e-02	-1.109230e-02
44869709.952	500.000	-500.000	1.004452e-01	2.147505e-02	-2.147505e-02
44870709.952	500.000	-500.000	1.131276e-01	2.202114e-02	-2.202114e-02
45240709.952	500.000	-500.000	1.049680e-01	1.303628e-02	-1.303628e-02
45241709.952	500.000	-500.000	1.060498e-01	1.374879e-02	-1.374879e-02
45246709.952	500.000	-500.000	9.897267e-02	1.623371e-02	-1.623371e-02
45247709.952	500.000	-500.000	7.877850e-02	1.268047e-02	-1.268047e-02
45465709.952	500.000	-500.000	6.237730e-02	1.304810e-02	-1.304810e-02
45470709.952	500.000	-500.000	8.106971e-02	5.110686e-02	-3.635918e-02
45471709.952	500.000	-500.000	9.602185e-02	1.593368e-02	-1.593368e-02
45476709.952	500.000	-500.000	1.087801e-01	2.067137e-02	-2.067137e-02
45477709.952	500.000	-500.000	1.355652e-01	2.759989e-02	-2.759989e-02
45482709.952	500.000	-500.000	1.412686e-01	1.921168e-02	-1.921168e-02
45876709.952	500.000	-500.000	8.142941e-02	1.963418e-02	-1.963418e-02
45881709.952	500.000	-500.000	1.330895e-01	6.390009e-02	-4.850465e-02
45882709.952	500.000	-500.000	1.285287e-01	2.088104e-02	-2.088104e-02
45887709.952	500.000	-500.000	9.025818e-02	3.263422e-02	-2.638217e-02
45893709.952	500.000	-500.000	9.617378e-02	1.781151e-02	-1.781151e-02
46101709.952	500.000	-500.000	1.447482e-01	5.926886e-02	-4.668046e-02
46102709.952	500.000	-500.000	6.970029e-02	9.162495e-03	-9.162495e-03
46103709.952	500.000	-500.000	1.226621e-01	2.430805e-02	-2.430805e-02
46107709.952	500.000	-500.000	5.459913e-02	4.136764e-02	-2.782844e-02
46108709.952	500.000	-500.000	8.651392e-02	1.027068e-02	-1.027068e-02
46109709.952	500.000	-500.000	1.196276e-01	7.192611e-02	-5.117072e-02
53146709.952	500.000	-500.000	3.009252e-02	1.500663e-02	-1.138179e-02
53150709.952	500.000	-500.000	2.568859e-02	9.610140e-03	-7.769034e-03
53151709.952	500.000	-500.000	1.835177e-02	6.460215e-03	-5.273859e-03
53387709.952	500.000	-500.000	3.586914e-02	1.829204e-02	-1.387361e-02
53388709.952	500.000	-500.000	1.691916e-02	7.607579e-03	-5.996005e-03
53394709.952	500.000	-500.000	2.094208e-02	7.958980e-03	-6.434202e-03
53670709.952	500.000	-500.000	1.564668e-01	6.542522e-02	-5.227822e-02
53671709.952	500.000	-500.000	7.938894e-02	1.503883e-02	-1.503883e-02
53676709.952	500.000	-500.000	6.255069e-02	2.418293e-02	-1.932344e-02
53677709.952	500.000	-500.000	1.168329e-01	2.269938e-02	-2.269938e-02
54007709.952	500.000	-500.000	9.859791e-02	2.138018e-02	-2.138018e-02
54008709.952	500.000	-500.000	8.022450e-02	1.248894e-02	-1.248894e-02
54011709.952	500.000	-500.000	1.098336e-01	5.234475e-02	-3.973334e-02
54012709.952	500.000	-500.000	6.111167e-02	8.668639e-03	-8.668639e-03
54013709.952	500.000	-500.000	7.024723e-02	1.613507e-02	-1.613507e-02
54296709.952	500.000	-500.000	9.397264e-02	1.571482e-02	-1.571482e-02
54297709.952	500.000	-500.000	7.492475e-02	1.287094e-02	-1.287094e-02
54302709.952	500.000	-500.000	4.581521e-02	1.525981e-02	-1.257134e-02
54303709.952	500.000	-500.000	8.632283e-02	2.123978e-02	-2.123978e-02
54614709.952	500.000	-500.000	8.904146e-02	1.429566e-02	-1.429566e-02
54619709.952	500.000	-500.000	5.841523e-02	1.159839e-02	-1.159839e-02
54620709.952	500.000	-500.000	7.879259e-02	1.215867e-02	-1.215867e-02
54944709.952	500.000	-500.000	7.074468e-02	1.262702e-02	-1.262702e-02
54950709.952	500.000	-500.000	1.075720e-01	1.617564e-02	-1.617564e-02
54955709.952	500.000	-500.000	5.364698e-02	1.680615e-02	-1.394948e-02
54956709.952	500.000	-500.000	9.054558e-02	2.062272e-02	-2.062272e-02
54961709.952	500.000	-500.000	8.944284e-02	2.061130e-02	-2.061130e-02
55151709.952	500.000	-500.000	1.042272e-01	2.583176e-02	-2.583176e-02
55152709.952	500.000	-500.000	8.937612e-02	1.315885e-02	-1.315885e-02
55157709.952	500.000	-500.000	7.372060e-02	1.899825e-02	-1.899825e-02
55158709.952	500.000	-500.000	6.606418e-02	9.713665e-03	-9.713665e-03
55486709.952	500.000	-500.000	8.871529e-02	1.709084e-02	-1.709084e-02
55487709.952	500.000	-500.000	7.080122e-02	1.192585e-02	-1.192585e-02
55492709.952	500.000	-500.000	9.500867e-02	1.655734e-02	-1.655734e-02
55493709.952	500.000	-500.000	7.775228e-02	1.364192e-02	-1.364192e-02
55764709.952	500.000	-500.000	4.816929e-02	3.031854e-02	-2.156965e-02
55765709.952	500.000	-500.000	1.097844e-01	1.718033e-02	-1.718033e-02
55770709.952	500.000	-500.000	1.130450e-01	1.890825e-02	-1.890825e-02
55771709.952	500.000	-500.000	1.134093e-01	1.469502e-02	-1.469502e-02
56158709.952	500.000	-500.000	9.403831e-02	1.261419e-02	-1.261419e-02
56159709.952	500.000	-500.000	7.683391e-02	1.956866e-02	-1.956866e-02
56164709.952	500.000	-500.000	9.552801e-02	1.101912e-02	-1.101912e-02
56731709.952	500.000	-500.000	8.117605e-02	1.115609e-02	-1.115609e-02
56736709.952	500.000	-500.000	7.278058e-02	1.751210e-02	-1.751210e-02
56737709.952	500.000	-500.000	6.871552e-02	1.713514e-02	-1.713514e-02
56747709.952	500.000	-500.000	1.083508e-01	2.816405e-02	-2.816405e-02
56748709.952	500.000	-500.000	7.353765e-02	1.137071e-02	-1.137071e-02
57031709.952	500.000	-500.000	7.347470e-02	1.601553e-02	-1.601553e-02
57032709.952	500.000	-500.000	7.273534e-02	1.039685e-02	-1.039685e-02
57037709.952	500.000	-500.000	7.699248e-02	1.250087e-02	-1.250087e-02
57038709.952	500.000	-500.000	8.816885e-02	1.600523e-02	-1.600523e-02
57372709.952	500.000	-500.000	9.475529e-02	1.794260e-02	-1.794260e-02
57373709.952	500.000	-500.000	1.114400e-01	1.297789e-02	-1.297789e-02
57378709.952	500.000	-500.000	1.240060e-01	1.777125e-02	-1.777125e-02
57379709.952	500.000	-500.000	1.108106e-01	2.187054e-02	-2.187054e-02
57558709.952	500.000	-500.000	8.654717e-02	1.255215e-02	-1.255215e-02
57559709.952	500.000	-500.000	9.817453e-02	5.965380e-02	-4.243977e-02
57563709.952	500.000	-500.000	1.242276e-01	2.947760e-02	-2.947760e-02
57564709.952	500.000	-500.000	1.072527e-01	1.658478e-02	-1.658478e-02
57568709.952	500.000	-500.000	1.150529e-01	6.990961e-02	-4.973611e-02
57569709.952	500.000	-500.000	8.812079e-02	1.308223e-02	-1.308223e-02
57956709.952	500.000	-500.000	8.210063e-02	1.264129e-02	-1.264129e-02
57957709.952	500.000	-500.000	1.029371e-01	1.537133e-02	-1.537133e-02
57985709.952	500.000	-500.000	1.275571e-01	2.758462e-02	-2.758462e-02
57986709.952	500.000	-500.000	7.446645e-02	3.368271e-02	-2.610382e-02
58238709.952	500.000	-500.000	2.214070e-01	2.055764e-01	-1.257592e-01
58239709.952	500.000	-500.000	8.765586e-02	1.020191e-02	-1.020191e-02
58240709.952	500.000	-500.000	6.641088e-02	2.065828e-02	-1.714684e-02
58244709.952	500.000	-500.000	1.053307e-01	2.221779e-02	-2.221779e-02
58245709.952	500.000	-500.000	9.224914e-02	1.064310e-02	-1.064310e-02
58517709.952	500.000	-500.000	1.020607e-01	2.042056e-02	-2.042056e-02
58518709.952	500.000	-500.000	8.972872e-02	1.150166e-02	-1.150166e-02
58523709.952	500.000	-500.000	6.483616e-02	3.208469e-02	-2.435453e-02
58524709.952	500.000	-500.000	7.716799e-02	1.446611e-02	-1.446611e-02
58529709.952	500.000	-500.000	1.138778e-01	5.137892e-02	-3.981824e-02
58530709.952	500.000	-500.000	1.355729e-01	2.505678e-02	-2.505678e-02
58772709.952	500.000	-500.000	6.961724e-02	1.050845e-02	-1.050845e-02
58773709.952	500.000	-500.000	6.706215e-02	3.530152e-02	-2.607377e-02
58778709.952	500.000	-500.000	2.133649e-02	6.553306e-03	-5.475963e-03
59119709.952	500.000	-500.000	1.536340e-02	4.978835e-03	-4.132545e-03
59124709.952	500.000	-500.000	8.118737e-02	3.515413e-02	-2.724416e-02
59125709.952	500.000	-500.000	1.082898e-01	1.561709e-02	-1.561709e-02
59437709.952	500.000	-500.000	1.087961e-01	1.381774e-02	-1.381774e-02
59438709.952	500.000	-500.000	1.169227e-01	5.119804e-02	-3.967806e-02
59443709.952	500.000	-500.000	1.218670e-01	1.464048e-02	-1.464048e-02
59725709.952	500.000	-500.000	9.784267e-02	5.316307e-02	-3.926634e-02
59726709.952	500.000	-500.000	8.234605e-02	9.827985e-03	-9.827985e-03
59727709.952	500.000	-500.000	4.394791e-02	6.600977e-02	-3.216987e-02
59732709.952	500.000	-500.000	1.038706e-01	1.222195e-02	-1.222195e-02
60326709.952	500.000	-500.000	5.738755e-02	3.525340e-02	-2.508048e-02
60327709.952	500.000	-500.000	1.005987e-01	1.128302e-02	-1.128302e-02
60332709.952	500.000	-500.000	6.297066e-02	3.830781e-02	-2.722625e-02
60333709.952	500.000	-500.000	8.459140e-02	1.155744e-02	-1.155744e-02
60587709.952	500.000	-500.000	8.106373e-02	1.360690e-02	-1.360690e-02
60588709.952	500.000	-500.000	9.163207e-02	1.631492e-02	-1.631492e-02
60593709.952	500.000	-500.000	1.196344e-01	1.792871e-02	-1.792871e-02
60594709.952	500.000	-500.000	6.374713e-02	1.941690e-02	-1.622483e-02
60992709.952	500.000	-500.000	1.016311e-01	2.104674e-02	-2.104674e-02
60993709.952	500.000	-500.000	1.028044e-01	2.030138e-02	-2.030138e-02
60998709.952	500.000	-500.000	7.800292e-02	1.535241e-02	-1.535241e-02
61240709.952	500.000	-500.000	6.152071e-02	3.789890e-02	-2.696258e-02
61241709.952	500.000	-500.000	8.399924e-02	1.120779e-02	-1.120779e-02
61242709.952	500.000	-500.000	1.027611e-01	2.344111e-02	-2.344111e-02
61246709.952	500.000	-500.000	5.746747e-02	3.079283e-02	-2.274364e-02
61247709.952	500.000	-500.000	9.564960e-02	1.149542e-02	-1.149542e-02
61558709.952	500.000	-500.000	7.114240e-02	1.345466e-02	-1.345466e-02
61570709.952	500.000	-500.000	7.540965e-02	1.503868e-02	-1.503868e-02
61575709.952	500.000	-500.000	1.009413e-01	2.006384e-02	-2.006384e-02
61576709.952	500.000	-500.000	9.876152e-02	2.918486e-02	-2.438696e-02
61583709.952	500.000	-500.000	4.502229e-02	1.184398e-02	-1.184398e-02
61882709.952	500.000	-500.000	8.985111e-02	1.602330e-02	-1.602330e-02
61883709.952	500.000	-500.000	4.810948e-02	1.468534e-02	-1.227111e-02
61888709.952	500.000	-500.000	6.977499e-02	1.262146e-02	-1.262146e-02
62206709.952	500.000	-500.000	6.643219e-02	1.283938e-02	-1.283938e-02
62207709.952	500.000	-500.000	9.187742e-02	1.343529e-02	-1.343529e-02
62211709.952	500.000	-500.000	7.425761e-02	1.394031e-02	-1.394031e-02
62212709.952	500.000	-500.000	6.131316e-02	1.260186e-02	-1.260186e-02
62634709.952	500.000	-500.000	5.947794e-02	2.306357e-02	-1.842902e-02
62635709.952	500.000	-500.000	6.186389e-02	9.994364e-03	-9.994364e-03
62640709.952	500.000	-500.000	5.653518e-02	1.391113e-02	-1.391113e-02
62641709.952	500.000	-500.000	6.720126e-02	1.232801e-02	-1.232801e-02
63217709.952	500.000	-500.000	6.186063e-02	1.134184e-02	-1.134184e-02
63218709.952	500.000	-500.000	7.302379e-02	1.193125e-02	-1.193125e-02
63223709.952	500.000	-500.000	4.775665e-02	8.560573e-03	-8.560573e-03
63224709.952	500.000	-500.000	7.090806e-02	2.557518e-02	-2.067550e-02
63831709.952	500.000	-500.000	6.315863e-02	8.814807e-03	-8.814807e-03
63832709.952	500.000	-500.000	3.982738e-02	1.320353e-02	-1.087734e-02
63836709.952	500.000	-500.000	6.278936e-02	3.082486e-02	-2.337913e-02
63837709.952	500.000	-500.000	3.913416e-02	1.468984e-02	-1.187556e-02
64392709.952	500.000	-500.000	5.031442e-02	1.787193e-02	-1.458992e-02
64393709.952	500.000	-500.000	8.382596e-02	1.953493e-02	-1.953493e-02
65050709.952	500.000	-500.000	5.941242e-02	1.036678e-02	-1.036678e-02
65051709.952	500.000	-500.000	5.565094e-02	1.169306e-02	-1.169306e-02
65056709.952	500.000	-500.000	6.155039e-02	1.903940e-02	-1.591788e-02
65057709.952	500.000	-500.000	8.112835e-02	2.094033e-02	-2.094033e-02
65664709.952	500.000	-500.000	8.097642e-02	1.071417e-02	-1.071417e-02
65665709.952	500.000	-500.000	7.841525e-02	3.418332e-02	-2.649179e-02
65669709.952	500.000	-500.000	5.794843e-02	9.149862e-03	-9.149862e-03
66201709.952	500.000	-500.000	7.090669e-02	1.137069e-02	-1.137069e-02
66202709.952	500.000	-500.000	5.569424e-02	1.454731e-02	-1.454731e-02
66224709.952	500.000	-500.000	6.720806e-02	1.573650e-02	-1.573650e-02
66808709.952	500.000	-500.000	6.567365e-02	1.346288e-02	-1.346288e-02
66814709.952	500.000	-500.000	7.116953e-02	1.131247e-02	-1.131247e-02
66820709.952	500.000	-500.000	4.718810e-02	9.579761e-03	-9.579761e-03
67445709.952	500.000	-500.000	8.304992e-02	1.139955e-02	-1.139955e-02
67446709.952	500.000	-500.000	6.776936e-02	1.746194e-02	-1.746194e-02
67450709.952	500.000	-500.000	2.453204e-01	3.684713e-01	-1.795745e-01
67451709.952	500.000	-500.000	7.539546e-02	9.322738e-03	-9.322738e-03
68016709.952	500.000	-500.000	5.330348e-02	1.135135e-02	-1.135135e-02
68022709.952	500.000	-500.000	4.992987e-02	1.157471e-02	-1.157471e-02
68023709.952	500.000	-500.000	8.680536e-02	2.116521e-02	-2.116521e-02
68028709.952	500.000	-500.000	6.160252e-02	1.093678e-02	-1.093678e-02
68665709.952	500.000	-500.000	6.550013e-02	1.217639e-02	-1.217639e-02
68666709.952	500.000	-500.000	8.055769e-02	2.056555e-02	-2.056555e-02
68671709.952	500.000	-500.000	5.756502e-02	8.876012e-03	-8.876012e-03
69305709.952	500.000	-500.000	8.146185e-02	1.777434e-02	-1.777434e-02
69306709.952	500.000	-500.000	7.753834e-02	1.062677e-02	-1.062677e-02
69311709.952	500.000	-500.000	7.090194e-02	1.204595e-02	-1.204595e-02
69312709.952	500.000	-500.000	6.571390e-02	1.651956e-02	-1.651956e-02
69855709.952	500.000	-500.000	7.158989e-02	9.560702e-03	-9.560702e-03
69856709.952	500.000	-500.000	6.457861e-02	2.514243e-02	-2.009013e-02
69860709.952	500.000	-500.000	9.687562e-02	2.295846e-02	-2.295846e-02
69861709.952	500.000	-500.000	7.748047e-02	1.221237e-02	-1.221237e-02
69867709.952	500.000	-500.000	4.718924e-02	1.478638e-02	-1.227984e-02
70463709.952	500.000	-500.000	8.702533e-02	1.288120e-02	-1.288120e-02
70464709.952	500.000	-500.000	9.524749e-02	9.084468e-02	-5.557327e-02
70469709.952	500.000	-500.000	7.574893e-02	1.852327e-02	-1.852327e-02
71088709.952	500.000	-500.000	8.492075e-02	1.190278e-02	-1.190278e-02
71089709.952	500.000	-500.000	7.996357e-02	1.813331e-02	-1.813331e-02
71094709.952	500.000	-500.000	9.107584e-02	1.109545e-02	-1.109545e-02
71095709.952	500.000	-500.000	5.185675e-02	3.296735e-02	-2.345411e-02
71693709.952	500.000	-500.000	3.787953e-02	2.406241e-02	-1.711883e-02
71694709.952	500.000	-500.000	8.136257e-02	9.769986e-03	-9.769986e-03
71695709.952	500.000	-500.000	7.291556e-02	5.323875e-02	-3.581426e-02
71699709.952	500.000	-500.000	6.527689e-02	1.482843e-02	-1.482843e-02
71700709.952	500.000	-500.000	6.756126e-02	1.153671e-02	-1.153671e-02
72335709.952	500.000	-500.000	5.514178e-02	2.092119e-02	-1.671714e-02
72336709.952	500.000	-500.000	9.266040e-02	1.124420e-02	-1.124420e-02
72873709.952	500.000	-500.000	7.922019e-02	1.057250e-02	-1.057250e-02
72874709.952	500.000	-500.000	6.271553e-02	1.288683e-02	-1.288683e-02
72879709.952	500.000	-500.000	7.639456e-02	1.039065e-02	-1.039065e-02
73510709.952	500.000	-500.000	7.514209e-02	1.222558e-02	-1.222558e-02
73532709.952	500.000	-500.000	6.737010e-02	1.416947e-02	-1.416947e-02
73534709.952	500.000	-500.000	7.764155e-02	1.493858e-02	-1.493858e-02
73537709.952	500.000	-500.000	4.340725e-02	6.519769e-02	-3.177411e-02
73538709.952	500.000	-500.000	6.412902e-02	1.369479e-02	-1.369479e-02
74093709.952	500.000	-500.000	7.773056e-02	1.086607e-02	-1.086607e-02
74094709.952	500.000	-500.000	1.045827e-01	1.528416e-02	-1.528416e-02
74099709.952	500.000	-500.000	6.906166e-02	1.543787e-02	-1.543787e-02
74700709.952	500.000	-500.000	6.840358e-02	1.027422e-01	-5.007142e-02
74701709.952	500.000	-500.000	6.880450e-02	9.075020e-03	-9.075020e-03
74702709.952	500.000	-500.000	7.715053e-02	1.305743e-02	-1.305743e-02
74706709.952	500.000	-500.000	9.655355e-02	1.616058e-02	-1.616058e-02
74707709.952	500.000	-500.000	9.701527e-02	2.077350e-02	-2.077350e-02
75319709.952	500.000	-500.000	4.718878e-02	2.873867e-02	-2.044568e-02
75320709.952	500.000	-500.000	4.354470e-02	8.594600e-03	-8.594600e-03
75331709.952	500.000	-500.000	8.318683e-02	1.231513e-02	-1.231513e-02
75332709.952	500.000	-500.000	5.637466e-02	1.429407e-02	-1.429407e-02
75337709.952	500.000	-500.000	8.180287e-02	1.239858e-02	-1.239858e-02
75898709.952	500.000	-500.000	6.934668e-02	1.670223e-02	-1.670223e-02
75899709.952	500.000	-500.000	5.346536e-02	1.430936e-02	-1.430936e-02
75903709.952	500.000	-500.000	9.323570e-02	1.147080e-02	-1.147080e-02
75904709.952	500.000	-500.000	7.725012e-02	1.797911e-02	-1.797911e-02
76481709.952	500.000	-500.000	1.280318e-01	3.330421e-02	-3.330421e-02
76482709.952	500.000	-500.000	6.437830e-02	9.660656e-03	-9.660656e-03
76528709.952	500.000	-500.000	9.074812e-02	2.124164e-02	-2.124164e-02
76529709.952	500.000	-500.000	9.030663e-02	1.177091e-02	-1.177091e-02
77118709.952	500.000	-500.000	1.697414e-02	6.794480e-03	-5.425533e-03
77124709.952	500.000	-500.000	8.948819e-03	5.050020e-03	-3.729954e-03
77695709.952	500.000	-500.000	1.763375e-01	6.659711e-02	-5.321462e-02
77696709.952	500.000	-500.000	9.492919e-02	1.043477e-02	-1.043477e-02
77697709.952	500.000	-500.000	9.492597e-02	1.680186e-02	-1.680186e-02
77701709.952	500.000	-500.000	8.909889e-02	1.878079e-02	-1.878079e-02
77702709.952	500.000	-500.000	7.382123e-02	1.433939e-02	-1.433939e-02
85078709.952	500.000	-500.000	7.245738e-02	1.154572e-02	-1.154572e-02
85103709.952	500.000	-500.000	4.957054e-02	1.081225e-02	-1.081225e-02
85108709.952	500.000	-500.000	7.228600e-02	1.592146e-02	-1.592146e-02
85109709.952	500.000	-500.000	7.183799e-02	1.214832e-02	-1.214832e-02
85645709.952	500.000	-500.000	1.055311e-01	3.619665e-02	-2.954949e-02
85646709.952	500.000	-500.000	7.651346e-02	1.814529e-02	-1.814529e-02
85651709.952	500.000	-500.000	6.866184e-02	9.878223e-03	-9.878223e-03
85652709.952	500.000	-500.000	4.483043e-02	1.008148e-02	-1.008148e-02
86217709.952	500.000	-500.000	5.629935e-02	1.042630e-02	-1.042630e-02
86218709.952	500.000	-500.000	5.776019e-02	1.150870e-02	-1.150870e-02
86223709.952	500.000	-500.000	5.143095e-02	8.409289e-03	-8.409289e-03
86224709.952	500.000	-500.000	8.895748e-02	1.973363e-02	-1.973363e-02
86778709.952	500.000	-500.000	6.124422e-02	1.535558e-02	-1.535558e-02
86779709.952	500.000	-500.000	6.499409e-02	9.909635e-03	-9.909635e-03
86784709.952	500.000	-500.000	7.356065e-02	1.702829e-02	-1.702829e-02
86785709.952	500.000	-500.000	5.917285e-02	1.042088e-02	-1.042088e-02
87431709.952	500.000	-500.000	7.094502e-02	6.587245e-02	-4.029677e-02
87432709.952	500.000	-500.000	7.016337e-02	9.087939e-03	-9.087939e-03
87437709.952	500.000	-500.000	5.129736e-02	1.359678e-02	-1.359678e-02
87438709.952	500.000	-500.000	6.764158e-02	9.492577e-03	-9.492577e-03
87980709.952	500.000	-500.000	5.882843e-02	1.170508e-02	-1.170508e-02
87981709.952	500.000	-500.000	8.317443e-02	1.454273e-02	-1.454273e-02
87986709.952	500.000	-500.000	8.881580e-02	2.139719e-02	-2.139719e-02
88623709.952	500.000	-500.000	8.768582e-02	1.060693e-02	-1.060693e-02
88628709.952	500.000	-500.000	6.173486e-02	1.641382e-02	-1.641382e-02
88629709.952	500.000	-500.000	5.929551e-02	8.566754e-03	-8.566754e-03
89785709.952	500.000	-500.000	4.699163e-02	1.174743e-02	-1.174743e-02
89786709.952	500.000	-500.000	8.281413e-02	1.650078e-02	-1.650078e-02
89791709.952	500.000	-500.000	8.605029e-02	1.089710e-02	-1.089710e-02
89792709.952	500.000	-500.000	6.459925e-02	2.485549e-02	-1.986085e-02
90392709.952	500.000	-500.000	6.411318e-02	1.209999e-02	-1.209999e-02
90393709.952	500.000	-500.000	4.795570e-02	1.192000e-02	-1.192000e-02
90398709.952	500.000	-500.000	5.764631e-02	8.243490e-03	-8.243490e-03
90399709.952	500.000	-500.000	9.359963e-02	2.416634e-02	-2.416634e-02
90998709.952	500.000	-500.000	3.881693e-02	2.492783e-02	-1.773452e-02
90999709.952	500.000	-500.000	6.536079e-02	1.176441e-02	-1.176441e-02
91005709.952	500.000	-500.000	7.243054e-02	1.416309e-02	-1.416309e-02
91016709.952	500.000	-500.000	5.206780e-01	7.820583e-01	-3.811363e-01
91017709.952	500.000	-500.000	9.054042e-02	1.378589e-02	-1.378589e-02
91023709.952	500.000	-500.000	6.420859e-02	1.554269e-02	-1.554269e-02
91633709.952	500.000	-500.000	6.151036e-02	1.448109e-02	-1.448109e-02
91634709.952	500.000	-500.000	6.926944e-02	1.179206e-02	-1.179206e-02
92242709.952	500.000	-500.000	4.178264e-02	1.616590e-02	-1.290881e-02
92247709.952	500.000	-500.000	1.132985e-01	3.874924e-02	-3.163332e-02
92248709.952	500.000	-500.000	9.585342e-02	1.265116e-02	-1.265116e-02
92409709.952	500.000	-500.000	9.660727e-02	1.542927e-02	-1.542927e-02
92410709.952	500.000	-500.000	7.150388e-02	1.230524e-02	-1.230524e-02
92837709.952	500.000	-500.000	8.599236e-02	1.259591e-02	-1.259591e-02
92838709.952	500.000	-500.000	6.884919e-02	1.140969e-02	-1.140969e-02
92843709.952	500.000	-500.000	5.701386e-02	1.065944e-02	-1.065944e-02
92844709.952	500.000	-500.000	1.013157e-01	1.989793e-02	-1.989793e-02
93489709.952	500.000	-500.000	9.318204e-02	2.809948e-02	-2.348001e-02
93490709.952	500.000	-500.000	8.562036e-02	1.033800e-02	-1.033800e-02
93495709.952	500.000	-500.000	8.523035e-02	1.699029e-02	-1.699029e-02
93496709.952	500.000	-500.000	9.415787e-02	1.258389e-02	-1.258389e-02
96513709.952	500.000	-500.000	6.683652e-02	1.018801e-02	-1.018801e-02
96514709.952	500.000	-500.000	8.212213e-02	1.712127e-02	-1.712127e-02
96565709.952	500.000	-500.000	7.930645e-02	1.039091e-02	-1.039091e-02
96566709.952	500.000	-500.000	7.640559e-02	1.975339e-02	-1.975339e-02
96646709.952	500.000	-500.000	1.006537e-01	1.758782e-02	-1.758782e-02
96647709.952	500.000	-500.000	4.741502e-02	1.565540e-02	-1.289725e-02
96952709.952	500.000	-500.000	8.387329e-02	1.962543e-02	-1.962543e-02
96953709.952	500.000	-500.000	9.355030e-02	1.191100e-02	-1.191100e-02
97038709.952	500.000	-500.000	7.855632e-02	1.645456e-02	-1.645456e-02
97039709.952	500.000	-500.000	6.993438e-02	1.125775e-02	-1.125775e-02
97207709.952	500.000	-500.000	9.627247e-02	1.130137e-02	-1.130137e-02
97217709.952	500.000	-500.000	6.970758e-02	1.047008e-01	-5.102595e-02
97218709.952	500.000	-500.000	7.732405e-02	9.856853e-03	-9.856853e-03
97380709.952	500.000	-500.000	7.130824e-02	1.037348e-02	-1.037348e-02
97381709.952	500.000	-500.000	9.350698e-02	2.450627e-02	-2.450627e-02
97437709.952	500.000	-500.000	7.963413e-02	2.029026e-02	-2.029026e-02
97438709.952	500.000	-500.000	8.783947e-02	1.055647e-02	-1.055647e-02
97565709.952	500.000	-500.000	1.348257e-01	1.323313e-02	-1.323313e-02
97566709.952	500.000	-500.000	1.151526e-01	2.790776e-02	-2.790776e-02
97709709.952	500.000	-500.000	8.561139e-02	1.831000e-02	-1.831000e-02
97710709.952	500.000	-500.000	7.824208e-02	1.362746e-02	-1.362746e-02
97796709.952	500.000	-500.000	1.946765e-02	7.737144e-03	-6.182388e-03
97797709.952	500.000	-500.000	3.988304e-02	1.453877e-02	-1.174601e-02
97860709.952	500.000	-500.000	7.024565e-02	2.868081e-02	-2.260512e-02
97861709.952	500.000	-500.000	1.033693e-01	1.138225e-02	-1.138225e-02
97958709.952	500.000	-500.000	1.978859e-02	6.204307e-03	-5.187109e-03
97959709.952	500.000	-500.000	1.583078e-02	8.792277e-03	-6.493992e-03
98056709.952	500.000	-500.000	4.034662e-02	1.319103e-02	-1.086705e-02
98057709.952	500.000	-500.000	4.068535e-02	1.345309e-02	-1.108294e-02
98132709.952	500.000	-500.000	7.295618e-03	4.608868e-03	-3.278908e-03
98219709.952	500.000	-500.000	9.049971e-02	2.386330e-02	-2.386330e-02
98304709.952	500.000	-500.000	4.118014e-02	2.951243e-02	-1.987628e-02
98305709.952	500.000	-500.000	5.879080e-02	8.680952e-03	-8.680952e-03
98306709.952	500.000	-500.000	1.323046e-01	7.221602e-02	-5.333888e-02
98385709.952	500.000	-500.000	5.832789e-02	1.739641e-02	-1.453649e-02
98386709.952	500.000	-500.000	9.541485e-02	1.127497e-02	-1.127497e-02
98460709.952	500.000	-500.000	8.634975e-02	4.200639e-02	-3.185977e-02
98461709.952	500.000	-500.000	5.980576e-02	8.459381e-03	-8.459381e-03
98564709.952	500.000	-500.000	6.146086e-02	5.864995e-02	-3.587849e-02
98565709.952	500.000	-500.000	7.583675e-02	9.475418e-03	-9.475418e-03
98646709.952	500.000	-500.000	5.569596e-02	1.684565e-02	-1.408380e-02
98647709.952	500.000	-500.000	8.852594e-02	1.775951e-02	-1.775951e-02
98709709.952	500.000	-500.000	8.739586e-02	8.301489e-02	-5.078348e-02
98710709.952	500.000	-500.000	9.235081e-02	1.427303e-02	-1.427303e-02
98711709.952	500.000	-500.000	4.325171e-02	6.496406e-02	-3.166025e-02
98803709.952	500.000	-500.000	7.605811e-02	1.349729e-02	-1.349729e-02
98992709.952	500.000	-500.000	9.045897e-02	1.477966e-02	-1.477966e-02
98993709.952	500.000	-500.000	8.457106e-02	1.445182e-02	-1.445182e-02
99061709.952	500.000	-500.000	8.964784e-02	2.948053e-02	-2.428667e-02
99062709.952	500.000	-500.000	9.760080e-02	1.101099e-02	-1.101099e-02
99161709.952	500.000	-500.000	9.392890e-02	1.158147e-02	-1.158147e-02
99162709.952	500.000	-500.000	7.342880e-02	2.330431e-02	-1.934311e-02
99246709.952	500.000	-500.000	6.156220e-02	5.868487e-02	-3.595081e-02
99247709.952	500.000	-500.000	7.011053e-02	9.323414e-03	-9.323414e-03
99248709.952	500.000	-500.000	5.381035e-02	3.856409e-02	-2.597246e-02
99304709.952	500.000	-500.000	9.698202e-02	2.286464e-02	-2.286464e-02
99310709.952	500.000	-500.000	9.968389e-02	3.810315e-02	-3.044644e-02
99408709.952	500.000	-500.000	1.087018e-01	2.074344e-02	-2.074344e-02
99414709.952	500.000	-500.000	8.891008e-02	1.697055e-02	-1.697055e-02
99420709.952	500.000	-500.000	7.374079e-02	1.961535e-02	-1.961535e-02
99501709.952	500.000	-500.000	6.119997e-02	1.362203e-02	-1.362203e-02
99507709.952	500.000	-500.000	7.348786e-02	1.497616e-02	-1.497616e-02
99518709.952	500.000	-500.000	7.085520e-02	2.129333e-02	-1.779277e-02
99587709.952	500.000	-500.000	3.914815e-02	2.153803e-02	-1.590803e-02
99588709.952	500.000	-500.000	7.658250e-02	1.686266e-02	-1.686266e-02
99593709.952	500.000	-500.000	8.647058e-02	4.814486e-02	-3.552809e-02
99594709.952	500.000	-500.000	1.048400e-01	1.827224e-02	-1.827224e-02
99670709.952	500.000	-500.000	8.883604e-02	1.053312e-02	-1.053312e-02
99778709.952	500.000	-500.000	5.692396e-02	1.816469e-02	-1.507711e-02
99779709.952	500.000	-500.000	5.851813e-02	1.036432e-02	-1.036432e-02
99871709.952	500.000	-500.000	8.434723e-02	2.160406e-02	-2.160406e-02
99872709.952	500.000	-500.000	7.346796e-02	9.782494e-03	-9.782494e-03
99946709.952	500.000	-500.000	9.402439e-02	1.128408e-02	-1.128408e-02
100032709.952	500.000	-500.000	1.088518e-01	2.398956e-02	-2.398956e-02
100033709.952	500.000	-500.000	8.342405e-02	1.209161e-02	-1.209161e-02
100080709.952	500.000	-500.000	8.649117e-02	1.150561e-02	-1.150561e-02
100081709.952	500.000	-500.000	8.431737e-02	1.862214e-02	-1.862214e-02
100085709.952	500.000	-500.000	5.023533e-02	7.545347e-02	-3.677226e-02
100086709.952	500.000	-500.000	7.128750e-02	2.919159e-02	-2.300770e-02
100207709.952	500.000	-500.000	1.370368e-02	8.902582e-03	-6.333604e-03
100281709.952	500.000	-500.000	8.993906e-03	4.741543e-03	-3.596227e-03
100386709.952	500.000	-500.000	1.718733e-02	6.047483e-03	-4.982042e-03
100466709.952	500.000	-500.000	1.173240e-02	6.456134e-03	-4.768512e-03
100467709.952	500.000	-500.000	1.048630e-02	5.473460e-03	-4.151350e-03
100535709.952	500.000	-500.000	1.416231e-02	6.207978e-03	-4.892892e-03
100536709.952	500.000	-500.000	2.317698e-02	1.250806e-02	-9.238478e-03
100652709.952	500.000	-500.000	9.705649e-02	1.106519e-02	-1.106519e-02
100691709.952	500.000	-500.000	1.144724e-02	7.169172e-03	-5.297176e-03
100790709.952	500.000	-500.000	5.436991e-03	4.226150e-03	-2.844297e-03
100853709.952	500.000	-500.000	6.901792e-02	1.000795e-02	-1.000795e-02
100854709.952	500.000	-500.000	8.990209e-02	2.302676e-02	-2.302676e-02
101038709.952	500.000	-500.000	2.568260e-02	6.223859e-03	-6.223859e-03
101039709.952	500.000	-500.000	2.429054e-02	1.179019e-02	-8.949582e-03
101130709.952	500.000	-500.000	4.984020e-02	1.257434e-02	-1.257434e-02
101131709.952	500.000	-500.000	6.152415e-02	9.206033e-03	-9.206033e-03
101240709.952	500.000	-500.000	1.147011e-01	1.962304e-02	-1.962304e-02
101241709.952	500.000	-500.000	1.122446e-01	1.427608e-02	-1.427608e-02
101287709.952	500.000	-500.000	1.233399e-01	1.210596e-02	-1.210596e-02
101288709.952	500.000	-500.000	1.010046e-01	2.651552e-02	-2.651552e-02
101390709.952	500.000	-500.000	1.132961e-01	3.118362e-02	-3.118362e-02
101391709.952	500.000	-500.000	7.555715e-02	1.007313e-02	-1.007313e-02
101471709.952	500.000	-500.000	1.400567e-01	3.432270e-02	-3.432270e-02
101472709.952	500.000	-500.000	1.097002e-01	1.131567e-02	-1.131567e-02
101473709.952	500.000	-500.000	1.242151e-01	7.628635e-02	-5.427274e-02
101570709.952	500.000	-500.000	9.585760e-02	1.139245e-02	-1.139245e-02
101571709.952	500.000	-500.000	9.515275e-02	1.702746e-02	-1.702746e-02
101703709.952	500.000	-500.000	2.877928e-02	6.596506e-03	-6.596506e-03
101704709.952	500.000	-500.000	5.911175e-02	3.210421e-02	-2.369103e-02
101789709.952	500.000	-500.000	7.454481e-02	7.113552e-02	-4.351640e-02
101790709.952	500.000	-500.000	9.449953e-02	1.106206e-02	-1.106206e-02
101849709.952	500.000	-500.000	1.378888e-02	5.175399e-03	-4.183899e-03
101860709.952	500.000	-500.000	3.853355e-02	2.160997e-02	-1.594690e-02
102027709.952	500.000	-500.000	9.292792e-02	1.106353e-02	-1.106353e-02
102028709.952	500.000	-500.000	1.164558e-01	4.537640e-02	-3.625815e-02
102126709.952	500.000	-500.000	8.552873e-02	1.058272e-02	-1.058272e-02
102294709.952	500.000	-500.000	9.914127e-02	1.125457e-02	-1.125457e-02
102295709.952	500.000	-500.000	8.822215e-02	3.957397e-02	-3.066950e-02
102379709.952	500.000	-500.000	9.401321e-02	1.911003e-02	-1.911003e-02
102380709.952	500.000	-500.000	9.541163e-02	1.385531e-02	-1.385531e-02
102425709.952	500.000	-500.000	8.412497e-02	8.015193e-02	-4.910169e-02
102426709.952	500.000	-500.000	1.052107e-01	1.115507e-02	-1.115507e-02
102427709.952	500.000	-500.000	1.487866e-01	8.945796e-02	-6.364348e-02
102508709.952	500.000	-500.000	9.188199e-02	1.439432e-02	-1.439432e-02
102715709.952	500.000	-500.000	7.195645e-02	3.528861e-02	-2.676467e-02
102716709.952	500.000	-500.000	5.444981e-02	9.031962e-03	-9.031962e-03
102755709.952	500.000	-500.000	8.628496e-02	1.534980e-02	-1.534980e-02
102756709.952	500.000	-500.000	8.908628e-02	1.140774e-02	-1.140774e-02
102865709.952	500.000	-500.000	8.140233e-02	1.101205e-02	-1.101205e-02
102866709.952	500.000	-500.000	8.447744e-02	1.865243e-02	-1.865243e-02
102928709.952	500.000	-500.000	8.162729e-02	1.834437e-02	-1.834437e-02
102929709.952	500.000	-500.000	5.322590e-02	2.125639e-02	-1.698498e-02
102992709.952	500.000	-500.000	1.288859e-01	5.376106e-02	-4.234249e-02
103073709.952	500.000	-500.000	5.623001e-02	2.803204e-02	-2.209379e-02
103131709.952	500.000	-500.000	6.942914e-02	9.558426e-03	-9.558426e-03
103132709.952	500.000	-500.000	1.215772e-01	4.677111e-02	-3.734770e-02
103218709.952	500.000	-500.000	5.948230e-02	1.579072e-02	-1.579072e-02
103219709.952	500.000	-500.000	5.877056e-02	2.588774e-02	-2.006279e-02
103282709.952	500.000	-500.000	8.737006e-02	1.421520e-02	-1.421520e-02
103283709.952	500.000	-500.000	8.353597e-02	1.890286e-02	-1.890286e-02
103391709.952	500.000	-500.000	8.161664e-02	1.045456e-02	-1.045456e-02
103460709.952	500.000	-500.000	7.617374e-02	1.394003e-02	-1.394003e-02
103466709.952	500.000	-500.000	6.618448e-02	1.127852e-02	-1.127852e-02
103645709.952	500.000	-500.000	7.869715e-02	1.080290e-02	-1.080290e-02
103646709.952	500.000	-500.000	7.254966e-02	1.463060e-02	-1.463060e-02
103732709.952	500.000	-500.000	6.706535e-02	9.786072e-03	-9.786072e-03
103733709.952	500.000	-500.000	7.214938e-02	2.612805e-02	-2.132989e-02
103876709.952	500.000	-500.000	8.051967e-02	2.083712e-02	-2.083712e-02
103877709.952	500.000	-500.000	6.588848e-02	9.463204e-03	-9.463204e-03
103969709.952	500.000	-500.000	7.358316e-02	9.379714e-03	-9.379714e-03
103970709.952	500.000	-500.000	7.332328e-02	2.508911e-02	-2.049408e-02
104130709.952	500.000	-500.000	7.815598e-02	1.422272e-02	-1.422272e-02
104131709.952	500.000	-500.000	7.142654e-02	1.229016e-02	-1.229016e-02
104223709.952	500.000	-500.000	7.822533e-02	2.026884e-02	-2.026884e-02
104224709.952	500.000	-500.000	1.033406e-01	1.269245e-02	-1.269245e-02
104333709.952	500.000	-500.000	7.905510e-02	1.007944e-02	-1.007944e-02
104334709.952	500.000	-500.000	7.787964e-02	3.051430e-02	-2.438254e-02
104420709.952	500.000	-500.000	4.473675e-02	1.509187e-02	-1.243299e-02
104421709.952	500.000	-500.000	8.411282e-02	1.236713e-02	-1.236713e-02
104518709.952	500.000	-500.000	8.664379e-02	2.584356e-02	-2.159496e-02
104519709.952	500.000	-500.000	8.442551e-02	1.080341e-02	-1.080341e-02
104611709.952	500.000	-500.000	5.915076e-02	9.185777e-03	-9.185777e-03
104612709.952	500.000	-500.000	6.955492e-02	3.128475e-02	-2.422711e-02
104657709.952	500.000	-500.000	5.136043e-02	1.702254e-02	-1.402352e-02
104658709.952	500.000	-500.000	6.809670e-02	1.010275e-02	-1.010275e-02
104743709.952	500.000	-500.000	6.684264e-02	1.804628e-02	-1.804628e-02
104744709.952	500.000	-500.000	7.644666e-02	1.078236e-02	-1.078236e-02
104836709.952	500.000	-500.000	1.314315e-01	3.496175e-02	-3.496175e-02
104837709.952	500.000	-500.000	7.883012e-02	1.033245e-02	-1.033245e-02
104910709.952	500.000	-500.000	3.880827e-02	1.923481e-02	-1.458866e-02
104911709.952	500.000	-500.000	5.202253e-02	9.806112e-03	-9.806112e-03
105125709.952	500.000	-500.000	6.930160e-02	1.799418e-02	-1.799418e-02
105126709.952	500.000	-500.000	9.548346e-02	1.179404e-02	-1.179404e-02
105172709.952	500.000	-500.000	8.208362e-02	9.885517e-03	-9.885517e-03
105282709.952	500.000	-500.000	1.433481e-01	3.793265e-02	-3.793265e-02
105332709.952	500.000	-500.000	1.018086e-01	1.552790e-02	-1.552790e-02
105333709.952	500.000	-500.000	6.174850e-02	1.531397e-02	-1.531397e-02
105501709.952	500.000	-500.000	7.166541e-02	1.005213e-02	-1.005213e-02
105502709.952	500.000	-500.000	1.101333e-01	2.407763e-02	-2.407763e-02
105513709.952	500.000	-500.000	1.022509e-01	1.102773e-02	-1.102773e-02
105599709.952	500.000	-500.000	6.821890e-02	1.555948e-02	-1.555948e-02
105600709.952	500.000	-500.000	6.517038e-02	1.317866e-02	-1.317866e-02
105744709.952	500.000	-500.000	6.057107e-02	9.383036e-03	-9.383036e-03
105745709.952	500.000	-500.000	5.140544e-02	2.525788e-02	-1.917250e-02
105824709.952	500.000	-500.000	1.163250e-01	2.601202e-02	-2.601202e-02
105825709.952	500.000	-500.000	6.702379e-02	9.970726e-03	-9.970726e-03
105899709.952	500.000	-500.000	5.763937e-02	2.443946e-02	-1.924864e-02
105900709.952	500.000	-500.000	8.507948e-02	1.052633e-02	-1.052633e-02
105969709.952	500.000	-500.000	7.565069e-02	1.074103e-02	-1.074103e-02
105970709.952	500.000	-500.000	6.344566e-02	1.676468e-02	-1.676468e-02
106107709.952	500.000	-500.000	1.163462e-01	5.638621e-02	-4.276616e-02
106108709.952	500.000	-500.000	8.863908e-02	1.946118e-02	-1.946118e-02
106137709.952	500.000	-500.000	6.563662e-02	1.066875e-02	-1.066875e-02
106138709.952	500.000	-500.000	6.904515e-02	2.707794e-02	-2.163671e-02
106270709.952	500.000	-500.000	5.241741e-02	1.347988e-02	-1.347988e-02
106271709.952	500.000	-500.000	6.529365e-02	1.742837e-02	-1.742837e-02
106281709.952	500.000	-500.000	7.961088e-02	4.883045e-02	-3.473966e-02
106282709.952	500.000	-500.000	3.035310e-02	1.397968e-02	-1.083414e-02
106350709.952	500.000	-500.000	8.910871e-02	1.155415e-02	-1.155415e-02
106351709.952	500.000	-500.000	5.980075e-02	2.000656e-02	-1.647231e-02
106431709.952	500.000	-500.000	8.273244e-02	1.416178e-02	-1.416178e-02
106432709.952	500.000	-500.000	1.005621e-01	9.537209e-02	-5.842568e-02
118883709.952	500.000	-500.000	5.862959e-02	1.780368e-02	-1.488476e-02
118884709.952	500.000	-500.000	2.603868e-02	1.746320e-02	-1.242392e-02
119109709.952	500.000	-500.000	7.241798e-02	1.297594e-02	-1.297594e-02
119628709.952	500.000	-500.000	4.953345e-02	2.422090e-02	-1.837036e-02
119629709.952	500.000	-500.000	6.548391e-02	1.973639e-02	-1.650060e-02
119905709.952	500.000	-500.000	5.789656e-02	8.359223e-03	-8.359223e-03
120043709.952	500.000	-500.000	7.957552e-02	2.079447e-02	-2.079447e-02
120044709.952	500.000	-500.000	8.586835e-02	1.161051e-02	-1.161051e-02
120132709.952	500.000	-500.000	1.010981e-01	3.260874e-02	-2.686376e-02
120136709.952	500.000	-500.000	4.554550e-02	1.552382e-02	-1.267302e-02
120137709.952	500.000	-500.000	6.082743e-02	1.096059e-02	-1.096059e-02
120240709.952	500.000	-500.000	5.719041e-02	1.179795e-02	-1.179795e-02
120402709.952	500.000	-500.000	9.510240e-02	1.893871e-02	-1.893871e-02
120403709.952	500.000	-500.000	6.514120e-02	1.038585e-02	-1.038585e-02
120511709.952	500.000	-500.000	6.264394e-02	1.620476e-02	-1.620476e-02
120512709.952	500.000	-500.000	3.663682e-02	9.524218e-03	-9.524218e-03
120586709.952	500.000	-500.000	6.456866e-02	1.734219e-02	-1.734219e-02
120587709.952	500.000	-500.000	6.610745e-02	1.060122e-02	-1.060122e-02
120691709.952	500.000	-500.000	9.704538e-02	2.273818e-02	-2.273818e-02
120692709.952	500.000	-500.000	7.811343e-02	9.764331e-03	-9.764331e-03
120760709.952	500.000	-500.000	7.327987e-02	1.020759e-02	-1.020759e-02
120875709.952	500.000	-500.000	6.491762e-02	6.172658e-02	-3.776058e-02
120876709.952	500.000	-500.000	7.544118e-02	1.015713e-02	-1.015713e-02
120904709.952	500.000	-500.000	6.272471e-02	1.057016e-02	-1.057016e-02
120905709.952	500.000	-500.000	7.517904e-02	1.558068e-02	-1.558068e-02
120997709.952	500.000	-500.000	6.130200e-02	2.251430e-02	-1.820102e-02
120998709.952	500.000	-500.000	7.072385e-02	1.016910e-02	-1.016910e-02
121067709.952	500.000	-500.000	6.984627e-02	1.241754e-02	-1.241754e-02
121068709.952	500.000	-500.000	4.854054e-02	1.183685e-02	-1.183685e-02
121153709.952	500.000	-500.000	8.158100e-02	2.160054e-02	-2.160054e-02
121154709.952	500.000	-500.000	7.628413e-02	1.169838e-02	-1.169838e-02
121246709.952	500.000	-500.000	5.771547e-02	8.729525e-03	-8.729525e-03
121247709.952	500.000	-500.000	5.056633e-02	4.800699e-02	-2.936777e-02
121332709.952	500.000	-500.000	1.993702e-01	1.246064e-01	-8.864927e-02
121333709.952	500.000	-500.000	7.416277e-02	1.013693e-02	-1.013693e-02
121539709.952	500.000	-500.000	7.576520e-02	2.016174e-02	-2.016174e-02
121540709.952	500.000	-500.000	4.397920e-02	1.873815e-02	-1.476870e-02
121551709.952	500.000	-500.000	6.715473e-02	1.230399e-02	-1.230399e-02
121620709.952	500.000	-500.000	6.410034e-02	1.366720e-02	-1.366720e-02
121621709.952	500.000	-500.000	7.909442e-02	1.219379e-02	-1.219379e-02
121707709.952	500.000	-500.000	7.180102e-02	1.050962e-02	-1.050962e-02
121776709.952	500.000	-500.000	1.031593e-01	5.535480e-02	-4.088516e-02
121799709.952	500.000	-500.000	7.044154e-02	1.610683e-02	-1.610683e-02
121800709.952	500.000	-500.000	9.288542e-02	1.315851e-02	-1.315851e-02
121839709.952	500.000	-500.000	1.033296e-01	7.632623e-02	-5.134545e-02
121840709.952	500.000	-500.000	1.115333e-01	1.896471e-02	-1.896471e-02
122065709.952	500.000	-500.000	5.501761e-02	1.362223e-02	-1.362223e-02
122070709.952	500.000	-500.000	5.106225e-02	1.833495e-02	-1.482235e-02
122071709.952	500.000	-500.000	5.845866e-02	1.189926e-02	-1.189926e-02
122118709.952	500.000	-500.000	7.497447e-02	2.022200e-02	-2.022200e-02
122119709.952	500.000	-500.000	8.253749e-02	2.130479e-02	-2.130479e-02
122135709.952	500.000	-500.000	7.419494e-02	1.755668e-02	-1.755668e-02
122140709.952	500.000	-500.000	9.575544e-02	2.056621e-02	-2.056621e-02
122239709.952	500.000	-500.000	6.930845e-02	1.501576e-02	-1.501576e-02
122240709.952	500.000	-500.000	1.161675e-01	3.715603e-02	-3.084035e-02
122429709.952	500.000	-500.000	1.306719e-01	5.840828e-02	-4.526593e-02
122516709.952	500.000	-500.000	6.989804e-02	1.036636e-02	-1.036636e-02
122517709.952	500.000	-500.000	4.500342e-02	1.626668e-02	-1.315032e-02
123012709.952	500.000	-500.000	6.703838e-02	2.316168e-02	-1.890826e-02
123013709.952	500.000	-500.000	6.565256e-02	3.162906e-02	-2.398908e-02
123025709.952	500.000	-500.000	6.745579e-02	1.361600e-02	-1.361600e-02
123037709.952	500.000	-500.000	5.205481e-02	1.563965e-02	-1.307552e-02
123262709.952	500.000	-500.000	7.949778e-02	1.616035e-02	-1.616035e-02
123289709.952	500.000	-500.000	3.437041e-02	2.169006e-02	-1.543106e-02
123295709.952	500.000	-500.000	7.869013e-02	2.457020e-02	-2.039382e-02
123307709.952	500.000	-500.000	5.987874e-02	1.533545e-02	-1.533545e-02
123531709.952	500.000	-500.000	8.891573e-02	4.332144e-02	-3.285718e-02
123532709.952	500.000	-500.000	8.662145e-02	1.290073e-02	-1.290073e-02
123763709.952	500.000	-500.000	7.583736e-02	1.467443e-02	-1.467443e-02
124024709.952	500.000	-500.000	7.305510e-02	1.010987e-02	-1.010987e-02
124278709.952	500.000	-500.000	5.698698e-02	9.205444e-03	-9.205444e-03
124279709.952	500.000	-500.000	4.672042e-02	2.290043e-02	-1.738303e-02
124520709.952	500.000	-500.000	5.186891e-02	3.989916e-02	-2.687162e-02
124521709.952	500.000	-500.000	2.812978e-02	2.680195e-02	-1.639581e-02
124808709.952	500.000	-500.000	8.473878e-02	1.883547e-02	-1.883547e-02
124809709.952	500.000	-500.000	9.469119e-02	2.383948e-02	-2.383948e-02
125099709.952	500.000	-500.000	4.463213e-02	1.413908e-02	-1.173576e-02
125300709.952	500.000	-500.000	2.726611e-02	2.035731e-02	-1.369457e-02
125301709.952	500.000	-500.000	4.663417e-02	9.889094e-03	-9.889094e-03
125307709.952	500.000	-500.000	8.627523e-02	1.327237e-02	-1.327237e-02
125605709.952	500.000	-500.000	6.587606e-02	1.390964e-02	-1.390964e-02
125606709.952	500.000	-500.000	5.728724e-02	1.123193e-02	-1.123193e-02
125830709.952	500.000	-500.000	7.748591e-02	5.951937e-02	-4.008560e-02
125831709.952	500.000	-500.000	5.933100e-02	1.548076e-02	-1.548076e-02
125871709.952	500.000	-500.000	6.597915e-02	1.079046e-02	-1.079046e-02
126079709.952	500.000	-500.000	8.141932e-02	3.699325e-02	-2.866946e-02
126115709.952	500.000	-500.000	5.987066e-02	1.568614e-02	-1.568614e-02
126148709.952	500.000	-500.000	6.218705e-02	2.091251e-02	-1.722816e-02
126875709.952	500.000	-500.000	4.060233e-02	1.818884e-02	-1.409620e-02
126893709.952	500.000	-500.000	5.098349e-02	1.101163e-02	-1.101163e-02
126928709.952	500.000	-500.000	4.889103e-02	2.165235e-02	-1.678040e-02
127408709.952	500.000	-500.000	4.297127e-02	1.133793e-02	-1.133793e-02
127409709.952	500.000	-500.000	4.793169e-02	1.726165e-02	-1.395467e-02
127932709.952	500.000	-500.000	5.998416e-02	9.337862e-03	-9.337862e-03
127933709.952	500.000	-500.000	3.716648e-02	1.702457e-02	-1.319390e-02
128157709.952	500.000	-500.000	9.963540e-02	2.538380e-02	-2.538380e-02
128158709.952	500.000	-500.000	4.883313e-02	1.143248e-02	-1.143248e-02
128163709.952	500.000	-500.000	8.204866e-02	1.331793e-02	-1.331793e-02
128452709.952	500.000	-500.000	5.344290e-02	1.226916e-02	-1.226916e-02
128453709.952	500.000	-500.000	4.169190e-02	6.262123e-02	-3.051847e-02
128677709.952	500.000	-500.000	7.577516e-02	1.213099e-02	-1.213099e-02
128678709.952	500.000	-500.000	8.718264e-02	1.747924e-02	-1.747924e-02
128983709.952	500.000	-500.000	6.201947e-02	1.564757e-02	-1.564757e-02
128984709.952	500.000	-500.000	6.160734e-02	1.272832e-02	-1.272832e-02
128990709.952	500.000	-500.000	6.166517e-02	2.121806e-02	-1.733201e-02
129232709.952	500.000	-500.000	5.404865e-02	1.990256e-02	-1.639614e-02
129255709.952	500.000	-500.000	4.153266e-02	9.811527e-03	-9.811527e-03
129457709.952	500.000	-500.000	4.315073e-02	9.756068e-03	-9.756068e-03
129521709.952	500.000	-500.000	7.560635e-02	2.270123e-02	-1.896922e-02
129717709.952	500.000	-500.000	5.177214e-02	1.129081e-02	-1.129081e-02
129763709.952	500.000	-500.000	5.166340e-02	1.241448e-02	-1.241448e-02
130526709.952	500.000	-500.000	3.608339e-02	7.177962e-03	-7.177962e-03
130527709.952	500.000	-500.000	4.990116e-02	2.421285e-02	-1.837925e-02
131818709.952	500.000	-500.000	5.828264e-02	1.222884e-02	-1.222884e-02
131819709.952	500.000	-500.000	5.652523e-02	1.231758e-02	-1.231758e-02
132084709.952	500.000	-500.000	3.111442e-02	9.689521e-03	-8.100920e-03
132090709.952	500.000	-500.000	7.760902e-02	1.448230e-02	-1.448230e-02
132332709.952	500.000	-500.000	7.808428e-02	1.034377e-02	-1.034377e-02
132333709.952	500.000	-500.000	1.392501e-01	9.979590e-02	-6.721138e-02
132372709.952	500.000	-500.000	5.882267e-02	1.790634e-02	-1.496259e-02
132569709.952	500.000	-500.000	3.460887e-02	1.349606e-02	-1.078407e-02
132580709.952	500.000	-500.000	5.062661e-02	1.088423e-02	-1.088423e-02
132581709.952	500.000	-500.000	6.671160e-02	1.722930e-02	-1.722930e-02
132834709.952	500.000	-500.000	8.241626e-02	1.996267e-02	-1.996267e-02
132851709.952	500.000	-500.000	3.210775e-02	1.574877e-02	-1.195442e-02
132852709.952	500.000	-500.000	4.793739e-02	2.314922e-02	-1.757188e-02
132863709.952	500.000	-500.000	8.069720e-02	1.544238e-02	-1.544238e-02
137285709.952	500.000	-500.000	4.640826e-02	2.044904e-02	-1.583586e-02
137286709.952	500.000	-500.000	5.268812e-02	9.069696e-03	-9.069696e-03
137291709.952	500.000	-500.000	7.187969e-02	1.502002e-02	-1.502002e-02
137292709.952	500.000	-500.000	8.375225e-02	1.310516e-02	-1.310516e-02
137621709.952	500.000	-500.000	8.308121e-02	4.176125e-02	-3.169972e-02
137626709.952	500.000	-500.000	3.142947e-01	1.654447e-01	-1.221978e-01
137910709.952	500.000	-500.000	7.090196e-02	3.565815e-02	-2.704495e-02
137990709.952	500.000	-500.000	7.789572e-02	1.553753e-02	-1.553753e-02
137991709.952	500.000	-500.000	6.461096e-02	8.854534e-03	-8.854534e-03
137992709.952	500.000	-500.000	6.170619e-02	1.678679e-02	-1.678679e-02
138331709.952	500.000	-500.000	5.551974e-02	1.113497e-02	-1.113497e-02
138332709.952	500.000	-500.000	6.212805e-02	9.803926e-03	-9.803926e-03
138337709.952	500.000	-500.000	7.102129e-02	1.753656e-02	-1.753656e-02
138677709.952	500.000	-500.000	1.178799e-01	7.243257e-02	-5.153103e-02
138678709.952	500.000	-500.000	6.047683e-02	8.577474e-03	-8.577474e-03
138683709.952	500.000	-500.000	7.498127e-02	1.555138e-02	-1.555138e-02
138684709.952	500.000	-500.000	9.286963e-02	1.712096e-02	-1.712096e-02
138995709.952	500.000	-500.000	6.628131e-02	4.130773e-02	-2.938775e-02
138996709.952	500.000	-500.000	5.821323e-02	1.333929e-02	-1.333929e-02
139001709.952	500.000	-500.000	6.683603e-02	9.913794e-03	-9.913794e-03
139364709.952	500.000	-500.000	4.379030e-02	1.181284e-02	-1.181284e-02
139365709.952	500.000	-500.000	5.474403e-02	1.308133e-02	-1.308133e-02
139370709.952	500.000	-500.000	7.127959e-02	1.275362e-02	-1.275362e-02
139371709.952	500.000	-500.000	6.583510e-02	1.253340e-02	-1.253340e-02
139710709.952	500.000	-500.000	3.892856e-02	2.478115e-02	-1.763017e-02
139711709.952	500.000	-500.000	5.419945e-02	9.388634e-03	-9.388634e-03
139716709.952	500.000	-500.000	7.208226e-02	1.834576e-02	-1.834576e-02
139717709.952	500.000	-500.000	1.133760e-01	1.831311e-02	-1.831311e-02
140005709.952	500.000	-500.000	4.238917e-02	2.381902e-02	-1.759277e-02
140006709.952	500.000	-500.000	8.338190e-02	1.418469e-02	-1.418469e-02
140010709.952	500.000	-500.000	1.249146e-01	8.952214e-02	-6.029212e-02
140011709.952	500.000	-500.000	6.300376e-02	8.626332e-03	-8.626332e-03
140012709.952	500.000	-500.000	7.264133e-02	1.692661e-02	-1.692661e-02
140409709.952	500.000	-500.000	5.590233e-02	8.934531e-03	-8.934531e-03
140410709.952	500.000	-500.000	1.033073e-01	1.512870e-02	-1.512870e-02
140414709.952	500.000	-500.000	1.188566e-01	8.518059e-02	-5.736814e-02
140415709.952	500.000	-500.000	7.709259e-02	1.159428e-02	-1.159428e-02
140749709.952	500.000	-500.000	7.452799e-02	2.329256e-02	-1.933335e-02
140755709.952	500.000	-500.000	6.028619e-02	2.095233e-02	-1.710464e-02
179371709.952	500.000	-500.000	7.135641e-02	1.263508e-02	-1.263508e-02
179372709.952	500.000	-500.000	8.617154e-02	1.470352e-02	-1.470352e-02
179521709.952	500.000	-500.000	8.015914e-02	1.141889e-02	-1.141889e-02
179522709.952	500.000	-500.000	5.143127e-02	1.609478e-02	-1.344885e-02
179705709.952	500.000	-500.000	5.429765e-02	1.868285e-02	-1.525192e-02
179706709.952	500.000	-500.000	9.121621e-02	1.217504e-02	-1.217504e-02
179845709.952	500.000	-500.000	6.907010e-02	1.025141e-02	-1.025141e-02
179846709.952	500.000	-500.000	3.325088e-02	1.474041e-02	-1.161783e-02
179849709.952	500.000	-500.000	9.451294e-02	1.849070e-02	-1.849070e-02
179850709.952	500.000	-500.000	4.702553e-02	2.317401e-02	-1.759070e-02
179855709.952	500.000	-500.000	7.882648e-02	1.279923e-02	-1.279923e-02
179856709.952	500.000	-500.000	7.883917e-02	3.765611e-02	-2.856030e-02
179861709.952	500.000	-500.000	5.250827e-02	8.932213e-03	-8.932213e-03
179862709.952	500.000	-500.000	9.830102e-02	9.270950e-02	-5.671405e-02
179867709.952	500.000	-500.000	7.645434e-02	1.223119e-02	-1.223119e-02
180063709.952	500.000	-500.000	4.907366e-02	1.029684e-02	-1.029684e-02
180064709.952	500.000	-500.000	7.376406e-02	1.483843e-02	-1.483843e-02
180172709.952	500.000	-500.000	9.133664e-02	1.339987e-02	-1.339987e-02
180173709.952	500.000	-500.000	6.560740e-02	1.351064e-02	-1.351064e-02
180408709.952	500.000	-500.000	6.165257e-02	1.443587e-02	-1.443587e-02
180409709.952	500.000	-500.000	6.306348e-02	1.099936e-02	-1.099936e-02
180501709.952	500.000	-500.000	1.278751e-01	4.153532e-02	-3.421766e-02
180502709.952	500.000	-500.000	7.532989e-02	9.520679e-03	-9.520679e-03
180503709.952	500.000	-500.000	7.652967e-02	2.515586e-02	-2.072392e-02
180507709.952	500.000	-500.000	9.449551e-02	1.419323e-01	-6.917071e-02
180508709.952	500.000	-500.000	6.658631e-02	8.969217e-03	-8.969217e-03
180513709.952	500.000	-500.000	6.592108e-02	2.274182e-02	-1.857669e-02
180514709.952	500.000	-500.000	6.299488e-02	1.031982e-02	-1.031982e-02
180564709.952	500.000	-500.000	7.900224e-02	1.614701e-02	-1.614701e-02
180565709.952	500.000	-500.000	6.648724e-02	9.018391e-03	-9.018391e-03
180566709.952	500.000	-500.000	9.034465e-02	4.802695e-02	-3.544108e-02
180587709.952	500.000	-500.000	6.369555e-02	1.168982e-02	-1.168982e-02
180588709.952	500.000	-500.000	5.153422e-02	9.184876e-03	-9.184876e-03
180744709.952	500.000	-500.000	6.912286e-02	1.016615e-02	-1.016615e-02
180745709.952	500.000	-500.000	8.517795e-02	2.748531e-02	-2.264297e-02
180910709.952	500.000	-500.000	8.552904e-02	8.136651e-02	-4.977510e-02
180911709.952	500.000	-500.000	7.379131e-02	1.588415e-02	-1.588415e-02
181082709.952	500.000	-500.000	7.868824e-02	3.454578e-02	-2.677269e-02
181083709.952	500.000	-500.000	3.945787e-02	8.496566e-03	-8.496566e-03
181389709.952	500.000	-500.000	9.312995e-02	1.627176e-02	-1.627176e-02
181390709.952	500.000	-500.000	9.343142e-02	1.617208e-02	-1.617208e-02
181395709.952	500.000	-500.000	8.576458e-02	2.211529e-02	-2.211529e-02
181562709.952	500.000	-500.000	4.968647e-02	9.214581e-03	-9.214581e-03
181563709.952	500.000	-500.000	4.673625e-02	1.766712e-02	-1.428246e-02
181735709.952	500.000	-500.000	7.741410e-02	1.067145e-02	-1.067145e-02
181902709.952	500.000	-500.000	3.848587e-02	9.113292e-03	-9.113292e-03
181903709.952	500.000	-500.000	6.531502e-02	1.303773e-02	-1.303773e-02
182086709.952	500.000	-500.000	9.365448e-02	2.179424e-02	-2.179424e-02
182087709.952	500.000	-500.000	8.928298e-02	1.158471e-02	-1.158471e-02
182466709.952	500.000	-500.000	7.196088e-02	2.447306e-02	-1.997882e-02
182467709.952	500.000	-500.000	5.743951e-02	1.198122e-02	-1.198122e-02
182581709.952	500.000	-500.000	7.638950e-02	1.866403e-02	-1.866403e-02
182582709.952	500.000	-500.000	7.227245e-02	2.780469e-02	-2.221742e-02
182772709.952	500.000	-500.000	9.397210e-02	2.170587e-02	-2.170587e-02
182773709.952	500.000	-500.000	7.234937e-02	1.310140e-02	-1.310140e-02
182934709.952	500.000	-500.000	6.934165e-02	1.048882e-02	-1.048882e-02
183101709.952	500.000	-500.000	7.783736e-02	1.222774e-02	-1.222774e-02
183102709.952	500.000	-500.000	8.723306e-02	2.034149e-02	-2.034149e-02
183279709.952	500.000	-500.000	9.104278e-02	1.651968e-02	-1.651968e-02
183280709.952	500.000	-500.000	7.993854e-02	2.135698e-02	-2.135698e-02
183458709.952	500.000	-500.000	5.902379e-02	1.331319e-02	-1.331319e-02
183459709.952	500.000	-500.000	7.311119e-02	1.293002e-02	-1.293002e-02
183672709.952	500.000	-500.000	7.944728e-02	1.269962e-02	-1.269962e-02
183678709.952	500.000	-500.000	1.065899e-01	2.122695e-02	-2.122695e-02
183793709.952	500.000	-500.000	5.490990e-02	1.033283e-02	-1.033283e-02
183799709.952	500.000	-500.000	6.703055e-02	1.356901e-02	-1.356901e-02
183972709.952	500.000	-500.000	8.278779e-02	1.516650e-02	-1.516650e-02
183977709.952	500.000	-500.000	6.329202e-02	3.165716e-02	-2.403001e-02
183978709.952	500.000	-500.000	8.736973e-02	2.097996e-02	-2.097996e-02
184139709.952	500.000	-500.000	5.730491e-02	1.060949e-02	-1.060949e-02
184145709.952	500.000	-500.000	5.416554e-02	1.990156e-02	-1.608883e-02
184363709.952	500.000	-500.000	5.845725e-02	9.044778e-03	-9.044778e-03
184364709.952	500.000	-500.000	6.524327e-02	1.215931e-02	-1.215931e-02
184483709.952	500.000	-500.000	4.061660e-02	1.337159e-02	-1.101579e-02
184484709.952	500.000	-500.000	6.817807e-02	1.643837e-02	-1.643837e-02
184506709.952	500.000	-500.000	6.132927e-02	1.280539e-02	-1.280539e-02
184714709.952	500.000	-500.000	9.620014e-02	3.290471e-02	-2.687827e-02
184715709.952	500.000	-500.000	5.844700e-02	9.320399e-03	-9.320399e-03
184836709.952	500.000	-500.000	5.579288e-02	9.167832e-03	-9.167832e-03
184837709.952	500.000	-500.000	6.822540e-02	6.411668e-02	-3.922270e-02
185002709.952	500.000	-500.000	6.164780e-02	2.413361e-02	-1.927119e-02
185003709.952	500.000	-500.000	3.985430e-02	1.291553e-02	-1.072613e-02
185226709.952	500.000	-500.000	1.005251e-01	3.003770e-02	-2.511300e-02
185227709.952	500.000	-500.000	7.080719e-02	1.722926e-02	-1.722926e-02
185377709.952	500.000	-500.000	4.793254e-02	1.522221e-02	-1.263478e-02
185521709.952	500.000	-500.000	8.218644e-02	2.568205e-02	-2.131668e-02
185522709.952	500.000	-500.000	7.415952e-02	1.087244e-02	-1.087244e-02
185739709.952	500.000	-500.000	9.634604e-02	1.682326e-02	-1.682326e-02
185941709.952	500.000	-500.000	1.023279e-01	1.682818e-02	-1.682818e-02
185942709.952	500.000	-500.000	7.766129e-02	1.713920e-02	-1.713920e-02
186350709.952	500.000	-500.000	6.694971e-02	9.448029e-03	-9.448029e-03
186356709.952	500.000	-500.000	8.116784e-02	3.045192e-02	-2.461796e-02
186517709.952	500.000	-500.000	7.193891e-02	1.140929e-02	-1.140929e-02
186518709.952	500.000	-500.000	7.559718e-02	1.916123e-02	-1.916123e-02
186685709.952	500.000	-500.000	8.443521e-02	1.419129e-02	-1.419129e-02
186686709.952	500.000	-500.000	8.562078e-02	2.163044e-02	-2.163044e-02
186862709.952	500.000	-500.000	1.957544e-01	2.940231e-01	-1.432922e-01
186863709.952	500.000	-500.000	7.650846e-02	9.735485e-03	-9.735485e-03
187002709.952	500.000	-500.000	5.940615e-02	1.078449e-02	-1.078449e-02
187003709.952	500.000	-500.000	6.679387e-02	1.558954e-02	-1.558954e-02
187162709.952	500.000	-500.000	3.171491e-02	2.980496e-02	-1.823287e-02
187163709.952	500.000	-500.000	4.668497e-02	1.059608e-02	-1.059608e-02
187405709.952	500.000	-500.000	6.913205e-02	1.302796e-02	-1.302796e-02
187406709.952	500.000	-500.000	3.968349e-02	1.072931e-02	-1.072931e-02
187543709.952	500.000	-500.000	6.743451e-02	1.103850e-02	-1.103850e-02
187750709.952	500.000	-500.000	5.455559e-02	1.210140e-02	-1.210140e-02
187751709.952	500.000	-500.000	7.133129e-02	1.179374e-02	-1.179374e-02
187888709.952	500.000	-500.000	6.895696e-02	2.683778e-02	-2.144480e-02
187889709.952	500.000	-500.000	7.329819e-02	9.864886e-03	-9.864886e-03
188068709.952	500.000	-500.000	5.314151e-02	1.685626e-02	-1.399108e-02
188069709.952	500.000	-500.000	5.001101e-02	1.136862e-02	-1.136862e-02
188102709.952	500.000	-500.000	5.990189e-02	1.384778e-02	-1.384778e-02
188257709.952	500.000	-500.000	4.811814e-02	2.383249e-02	-1.807577e-02
188258709.952	500.000	-500.000	6.838423e-02	8.927971e-03	-8.927971e-03
188259709.952	500.000	-500.000	1.648759e-01	1.202861e-01	-8.101132e-02
188407709.952	500.000	-500.000	5.767273e-02	1.025789e-02	-1.025789e-02
188441709.952	500.000	-500.000	4.899527e-02	1.928871e-02	-1.541270e-02
188442709.952	500.000	-500.000	6.752296e-02	1.340778e-02	-1.340778e-02
188598709.952	500.000	-500.000	4.288726e-02	1.749233e-02	-1.396799e-02
188599709.952	500.000	-500.000	5.499980e-02	2.309646e-02	-1.820375e-02
188793709.952	500.000	-500.000	5.238842e-02	1.094799e-02	-1.094799e-02
188794709.952	500.000	-500.000	4.138912e-02	9.898159e-03	-9.898159e-03
188960709.952	500.000	-500.000	6.614681e-02	1.637436e-02	-1.637436e-02
188961709.952	500.000	-500.000	6.251400e-02	1.329060e-02	-1.329060e-02
189047709.952	500.000	-500.000	3.911746e-02	8.218007e-03	-8.218007e-03
189048709.952	500.000	-500.000	4.166184e-02	1.611255e-02	-1.287478e-02
189311709.952	500.000	-500.000	5.777948e-02	2.797847e-02	-2.122029e-02
189312709.952	500.000	-500.000	2.872655e-02	6.523444e-03	-6.523444e-03
189467709.952	500.000	-500.000	4.958209e-02	1.771749e-02	-1.446384e-02
189468709.952	500.000	-500.000	7.643898e-02	1.899502e-02	-1.899502e-02
189472709.952	500.000	-500.000	9.158310e-02	2.986862e-02	-2.460639e-02
189473709.952	500.000	-500.000	1.255138e-01	9.138325e-02	-6.154556e-02
189640709.952	500.000	-500.000	6.488310e-02	2.376965e-02	-1.920373e-02
189645709.952	500.000	-500.000	3.047785e-02	1.535517e-02	-1.164614e-02
189800709.952	500.000	-500.000	8.439886e-02	5.141318e-02	-3.657711e-02
189801709.952	500.000	-500.000	6.602110e-02	9.623622e-03	-9.623622e-03
189951709.952	500.000	-500.000	8.328338e-02	1.580785e-02	-1.580785e-02
189952709.952	500.000	-500.000	6.989738e-02	3.431436e-02	-2.602575e-02
190124709.952	500.000	-500.000	7.086064e-02	1.392634e-02	-1.392634e-02
190125709.952	500.000	-500.000	6.804996e-02	2.138221e-02	-1.774772e-02
190331709.952	500.000	-500.000	6.860895e-02	3.017003e-02	-2.336386e-02
190332709.952	500.000	-500.000	5.294278e-02	8.816860e-03	-8.816860e-03
